26
51
66
187
238
465
554
764
883
974
1094
1113
1239
1261
1314
1680
1701
1704
1830
1891
2068
2173
2268
2512
2605
2625
2704
2706
2992
3035
3102
3150
3178
3259
3322
3377
3400
3433
3440
3647
4142
4332
4375
4426
4558
4899
4981
5082
5164
5376
5479
5497
5605
5806
5845
6022
6107
6246
6333
6334
6340
6468
6810
6869
6872
6876
7116
7396
7446
7462
7625
7692
7878
7887
8051
8290
8397
8531
8886
8890
8895
9066
9190
9230
9311
9551
9680
9895
9919
9953
9980
10106
10130
10230
10442
10596
10621
10738
10950
10998
11001
11013
11037
11099
11150
11611
11619
11638
11844
11884
11936
11941
12060
12101
12150
12293
12567
12578
12657
12665
12737
12791
12815
12866
12906
12994
13132
13140
13141
13158
13198
13393
13447
13893
14022
14183
14344
14505
14520
14738
14796
14816
15119
15166
15192
15780
15800
15933
16059
16508
16513
16603
17069
17075
17246
17425
17559
17659
17685
17765
17987
18267
18337
18502
18629
18630
18709
18938
18960
19204
19288
19398
19407
19452
19473
19537
19787
19920
19973
20015
20078
20193
20227
20249
20266
20287
20322
20339
20339
20374
20449
20469
20643
20741
20825
20839
20957
21036
21144
21332
21461
21524
21634
21777
21823
21965
22114
22240
22320
22462
22767
22829
23184
23259
23278
23311
23378
23686
23698
23731
23738
23828
23836
23960
23973
24004
24182
24291
24386
24422
24461
24475
24476
24576
24633
24756
24782
24816
24827
24990
25051
25262
25292
25310
25537
25630
25669
25811
25843
26104
26569
26592
26971
27038
27051
27065
27187
27464
27468
27501
27565
27568
27651
27659
27673
27838
27920
28001
28057
28085
28167
28373
28693
29110
29180
29281
29305
29373
29400
29642
29717
30008
30024
30242
30383
30404
30437
30539
30569
30686
30775
30790
31020
31074
31146
31410
31523
31579
31644
31730
31760
31831
31851
31857
31857
31861
31871
31881
31919
32093
32227
32230
32301
32446
32511
32783
32874
33207
33312
33331
33368
33550
33661
33689
33852
33866
33977
34075
34112
34219
34290
34477
34568
34636
34782
34790
34901
34931
35011
35011
35156
35166
35273
35372
35442
35576
35787
35806
35871
35901
35937
35982
36067
36083
36246
36261
37134
37334
37597
37648
37942
38056
38191
38332
38377
38454
38455
38525
38538
38591
38740
38921
39026
39130
39212
39220
39229
39319
39503
39573
39588
39649
39806
39851
40144
40156
40208
40217
40281
40365
40528
40578
40622
40683
40711
40826
40940
41074
41382
41449
41497
42040
42155
42463
42566
42690
42719
42873
42884
42988
43040
43065
43150
43182
43476
43632
43640
43913
44418
44589
44754
44834
44956
44963
44992
45059
45099
45109
45692
45981
46196
46270
46365
46461
46517
46555
46555
46662
46819
46822
46986
47101
47158
47162
47168
47228
47283
47369
48223
48226
48310
48351
48430
48509
48575
48592
48640
48710
48788
48865
48950
48957
49043
49083
49321
49365
49574
49631
49710
49731
49739
49764
49841
49984
50270
50281
50488
50582
51063
51076
51206
51234
51357
51389
51450
51573
51741
51907
52100
52237
52274
52303
52435
52530
52534
52593
52601
52787
52840
53019
53022
53154
53323
53677
53826
53863
53872
53923
53934
53975
53983
54151
54153
54176
54318
54412
54538
54665
54675
54843
54927
54997
55173
55640
55763
55795
55869
56037
56267
56378
56443
56700
56810
57000
57019
57131
57176
57260
57319
57385
57404
57406
57625
57645
57726
57733
57754
57833
58074
58077
58165
58214
58216
58255
58270
58303
58319
58379
58392
58610
58690
58693
58727
58809
58951
59194
59198
59278
59358
59879
60036
60443
60468
60562
60593
60759
60784
61013
61133
61490
61654
61764
61927
61999
61999
62042
62173
62277
62376
62405
62448
62557
62563
62641
62652
62765
62808
63058
63255
63266
63340
63524
64251
64591
64619
64625
64654
64782
64787
64797
64916
64973
65019
65078
65205
65303
65378
65409
65476
65508
65738
65907
66073
66121
66282
66283
66290
66300
66301
66362
66797
66959
67203
67284
67605
67759
67764
67777
67997
68121
68338
68415
68743
68841
68878
69159
69288
69318
69360
69530
69638
69680
70019
70065
70090
70106
70174
70261
70398
70402
70589
70609
70753
70914
70995
71048
71058
71060
71176
71217
71373
71485
71504
71582
71609
71624
71649
71721
71822
71847
72083
72107
72327
72405
72468
72471
72473
72710
72733
72745
72825
73092
73147
73218
73366
73610
73677
73704
73709
73742
73809
73812
74064
74257
74296
74420
74444
74949
74965
74984
75031
75045
75136
75240
75334
75354
75422
75606
75613
75920
75936
76000
76061
76084
76200
76378
76553
76664
76724
76840
76951
76976
77133
77259
77323
77433
77459
77496
77501
77804
77902
77923
77973
77982
78145
78172
78203
78375
78495
78535
78806
78877
79014
79179
79303
79354
79405
79532
79749
79757
79995
80122
80219
80228
80274
80290
80400
80470
80475
80527
80702
80710
80757
80843
80912
81018
81062
81109
81213
81245
81294
81316
81465
81522
81531
81973
82168
82185
82227
82336
82370
82388
82401
82447
82464
82766
82829
82839
82860
82915
82943
83240
83346
83426
83434
83554
83642
83678
83731
83780
84089
84143
84329
84353
84378
84434
84652
84655
84677
84720
84804
84966
85176
85266
85291
85294
85460
85498
85689
85723
85740
85746
86211
86255
86272
86517
86566
86786
86813
87138
87236
87399
87768
87950
88012
88247
88461
88481
88664
88669
88740
88745
88965
89020
89171
89372
89400
89538
89629
89691
89721
89891
89954
90003
90195
90196
90209
90269
90298
90331
90358
90382
90411
90422
90514
90556
90613
90636
90862
91066
91223
91514
91574
91639
91723
91725
91735
91985
92097
92268
92540
92683
92693
92759
92916
93116
93237
93268
93317
93483
93604
93790
93854
93873
94025
94080
94224
94333
94363
94451
94546
94811
94820
94823
94872
94925
95069
95128
95184
95340
95407
95471
95567
95865
96149
96293
96465
96570
96590
96637
96643
96794
96920
97576
97645
97660
97673
97800
98160
98173
98203
98288
98339
98494
98503
98651
98669
98702
98785
98791
98792
98853
98872
98921
98980
98992
99080
99109
99140
99398
99401
99441
99728
100235
100348
100399
100494
100580
100713
100956
101008
101008
101095
101190
101327
101346
101608
101636
101643
102063
102137
102317
102335
102637
102681
102814
102948
102973
103125
103125
103226
103257
103539
103643
103874
103892
104092
104331
104506
104679
104734
104930
105024
105095
105364
105541
105657
105665
105742
105936
106005
106017
106020
106479
106586
106600
106700
106834
106853
106859
107064
107106
107144
107277
107328
107671
107752
107759
107771
107808
108282
108549
108760
109020
109033
109049
109062
109099
109149
109169
109378
109402
109405
109420
109722
110129
110647
110650
110730
110890
111049
111130
111140
111162
111362
111620
112368
112420
112472
112567
112764
113148
113283
113556
113617
113656
113726
113734
113740
113763
113866
113888
113931
113947
114111
114191
114630
114654
114755
115054
115251
115347
115587
115713
115733
115872
115916
116042
116053
116227
116308
116430
116515
116520
116681
116799
116825
116856
116904
117021
117101
117540
117583
117671
117712
117784
117895
117969
118010
118024
118057
118285
118306
118354
118539
118615
118622
118822
118882
119048
119110
119150
119399
119452
119529
119816
119936
120087
120419
120421
120438
120457
120504
120677
120946
121026
121644
121645
121665
121713
121765
121775
121857
122170
122273
122347
122627
122751
122833
122842
122910
122930
123058
123112
123230
123252
123651
123824
123941
123950
123965
123986
124001
124029
124076
124080
124109
124192
124208
124208
124371
124465
124529
124678
124785
124835
124840
124842
124907
124967
125046
125058
125063
125296
125369
125642
125711
125739
125790
125797
125826
125969
126009
126017
126019
126303
126306
126339
126396
126442
126501
126746
126758
127393
127427
127532
127655
127786
127794
127890
127974
128128
128144
128320
128519
128521
128750
128830
128850
129006
129031
129290
129290
129344
129541
129781
129815
129828
129992
130045
130123
130252
130319
130529
130638
130809
131022
131836
132019
132212
132244
132255
132256
132321
132350
132443
132473
132768
132780
132813
133046
133070
133239
133357
133441
133584
133641
133647
133729
133747
133793
134037
134274
134554
134604
134818
134954
135192
135270
135457
135725
135846
135846
136128
136164
136228
136323
136346
136467
136652
136707
136894
136969
137024
137042
137321
137356
137362
137401
137504
137774
137875
137889
138079
138203
138247
138508
138605
138619
138680
138735
138813
138818
138843
138877
139024
139036
139346
139350
139370
139426
139452
139456
139505
139783
139930
140026
140091
140098
140136
140157
140227
140267
140370
140633
140871
140911
140972
140990
141018
141064
141091
141111
141208
141258
141287
141316
141361
141472
141480
141574
141655
141661
141709
141712
141869
141968
142128
142130
142182
142342
142372
142388
142430
142457
142902
142969
143151
143188
143229
143896
143915
144590
144915
145187
145205
145288
145334
145387
145429
145484
145630
145636
145726
145732
145798
145853
145868
145874
145983
146047
146374
146637
146702
146727
146750
146850
146887
146888
146972
147000
147028
147044
147098
147116
147139
147142
147150
147214
147406
147412
147600
147695
147712
147768
147868
147907
148221
148263
148279
148283
148531
148554
148617
148854
148885
148944
149032
149129
149167
149214
149373
149564
149574
149685
149708
149749
149793
149816
149855
149959
149988
150091
150185
150336
150381
150486
150566
150583
150629
150648
150782
150841
150860
150868
150942
150953
150956
151025
151075
151121
151558
151570
151663
151738
151811
151835
151962
152064
152349
152361
152400
152420
152466
152575
152606
152632
152668
152810
152854
153218
153227
153328
153398
153413
153594
153945
153957
153980
154150
154328
154434
154599
154681
154730
154838
154862
154865
154916
154928
154932
154964
154988
155015
155220
155239
155334
155703
155837
155899
155935
155988
156002
156070
156133
156179
156191
156269
156297
156383
156545
156577
156618
156741
156771
156896
156953
157020
157022
157045
157102
157126
157180
157314
157421
157454
157544
157692
157710
157757
157790
157968
158013
158033
158042
158131
158405
158636
158662
158911
158954
159013
159079
159104
159138
159145
159155
159395
159442
159536
159539
159568
159576
159589
159608
159621
159643
159702
159803
159907
160002
160155
160156
160222
160255
160517
160578
160736
160791
160807
160824
160940
160974
161119
161152
161167
161189
161238
161714
161732
161752
161788
162002
162180
162234
162355
162423
162508
162590
162611
162614
162761
162946
162957
162975
163019
163203
163256
163311
163369
163410
163431
163617
163634
163788
163915
164202
164282
164538
164607
164652
164775
165328
165379
165434
165464
165664
165689
165733
165737
165802
165835
165844
165996
166079
166120
166175
166176
166230
166244
166330
166371
166438
166494
166520
166568
166599
166606
166632
167064
167139
167276
167335
167361
167453
167518
167789
167827
167834
167972
168192
168309
168401
168414
168596
168621
168636
168976
169040
169113
169210
169382
169502
169570
169573
169761
169782
169804
169878
169915
169996
170104
170183
170237
170271
170446
170456
170483
170535
170692
170796
171396
171546
171624
171743
171799
171813
171834
171851
171866
171954
172204
172266
172285
172385
172422
172519
172568
172684
172781
172823
172852
172854
173141
173183
173197
173388
173532
173617
173753
173912
173912
174056
174123
174174
174182
174343
174357
174414
174438
174446
174742
174860
174887
175035
175209
175225
175270
175330
175400
175597
175606
175622
175693
175842
175975
175997
176057
176202
176225
176290
176358
176368
176376
176630
176645
176790
176800
176845
177131
177172
177189
177452
177567
177599
177621
177694
177726
177815
177959
178109
178162
178277
178295
178322
178344
178385
178644
178851
178916
179027
179367
179385
179521
179546
179593
179608
179653
179724
179751
179758
180031
180078
180126
180213
180425
180469
180517
180581
180599
180600
180614
180672
180785
180949
180986
181020
181080
181127
181158
181556
181644
181651
181734
181952
181996
182040
182277
182375
182405
182593
182856
182984
183006
183162
183240
183428
183429
183449
183567
183667
183672
183836
183917
184010
184103
184139
184148
184176
184215
184233
184361
184463
184643
185265
185461
185540
185672
185831
186266
186279
186347
186538
186560
186692
186705
186763
186830
186926
186956
187067
187067
187111
187172
187482
187565
187641
187809
187994
188051
188204
188320
188385
188439
188482
188519
188548
188898
189453
189518
189660
189777
189812
189839
189864
189937
190061
190099
190193
190220
190260
190312
190702
190708
190755
190759
190803
190858
190933
190963
191001
191030
191036
191088
191334
191429
191674
191677
191798
192279
192359
192429
192500
192566
192678
192703
192867
192895
193000
193026
193058
193093
193112
193360
193389
193467
193688
193840
194099
194159
194334
194402
194493
194523
194995
195248
195272
195296
195477
195610
195624
195744
195851
196400
196424
196637
196713
196880
196969
197131
197184
197241
197473
197612
198026
198140
198381
198404
198472
198567
198732
198767
198841
198959
199081
199111
199454
199687
199817
199868
199869
199925
200087
200106
200202
200409
200476
200543
200550
200627
200632
200802
200888
200961
200969
201267
201280
201721
201870
201955
202006
202525
202539
202565
202802
202980
203015
203097
203100
203137
203139
203262
203375
203622
203713
203720
203925
204146
204344
204352
204665
204674
204678
204744
204909
205041
205145
205398
205416
205540
205573
205625
205791
205866
205924
205979
205992
206003
206019
206045
206598
206760
206876
206892
207239
207251
207268
207553
207578
207759
207834
207873
208032
208103
208111
208245
208258
208424
208503
208519
208525
208602
208727
208766
209023
209107
209249
209273
209677
209741
209840
209904
209920
210311
210578
210600
210610
210772
210867
210949
210975
211108
211233
211428
211627
211710
211719
211753
212083
212111
212119
212510
212529
212732
213001
213115
213181
213266
213287
213327
213352
213551
213628
213726
213765
213768
213771
213899
213931
213949
214056
214133
214292
214699
214818
214948
215402
215490
215524
215603
215614
215631
215667
215748
215761
215839
215881
215883
216139
216275
216319
216421
216435
216459
216520
216809
216928
216989
217094
217343
217430
217443
217449
217451
217472
217500
217515
217577
217668
217849
217909
217977
218125
218178
218224
218364
218421
218474
218479
218609
218625
218822
218894
219016
219119
219199
219253
219305
219449
219487
219522
219546
219617
219882
219888
219928
219971
219972
219985
220151
220266
220299
220414
220492
220704
220733
220878
220901
220909
220962
221015
221030
221224
221377
221383
221496
221590
221747
222173
222173
222219
222266
222347
222569
222571
222619
222645
222679
222718
222758
222767
223263
223444
223499
223557
223649
223650
223674
223713
223841
223932
224004
224016
224042
224164
224174
224322
224334
224594
224724
224724
224877
224944
225185
225194
225197
225242
225444
226091
226103
226238
226332
226398
226509
226889
227064
227179
227198
227264
227309
227425
227561
227596
227648
227809
227909
228033
228033
228189
228233
228305
228334
228348
228406
228448
228500
228501
228762
229053
229147
229152
229222
229243
229337
229478
229718
229984
230055
230074
230298
230797
230869
231106
231113
231242
231313
231377
231561
231744
231924
232044
232065
232196
232367
232461
232482
232547
232786
232812
232822
232907
233047
233158
233233
233371
233435
233583
233628
233717
233941
233997
234094
234098
234165
234210
234416
234593
234625
234688
234880
234888
234989
235017
235089
235314
235446
235483
235629
235747
235749
235851
236000
236210
236460
236528
236540
236665
236840
236944
236971
237009
237412
237715
237768
237803
238129
238227
238277
238299
238478
238489
238605
238742
238786
238923
238942
238966
239046
239076
239209
239552
239695
239699
240055
240079
240186
240192
240303
240612
240706
240706
240752
240778
240806
240864
241009
241137
241250
241516
241523
241887
242282
242415
242475
242692
242917
242937
243108
243365
243535
243622
243891
243924
243933
244092
244118
244457
244480
244609
244905
245060
245145
245315
245436
245452
245524
246088
246169
246381
246425
246435
246455
246486
246556
246626
246662
246779
247263
247301
247400
247581
247786
247816
247979
247990
248061
248197
248229
248357
248401
248567
248581
248588
248633
248635
248644
248654
248799
248802
248870
248943
249105
249123
249307
249555
249640
249755
249776
249918
250094
250199
250227
250241
250271
250281
250462
250686
250765
250814
250876
251138
251140
251167
251258
251399
251427
251430
251441
251512
251624
251994
252010
252260
252358
252441
252650
252725
252734
252848
252888
252999
253008
253035
253046
253118
253278
253637
253644
253652
253883
253906
254012
254087
254204
254299
254462
254471
254528
254560
254851
254927
255024
255077
255092
255118
255328
255350
255521
255621
255823
255892
255901
256005
256124
256460
256519
256587
256728
256788
256874
256935
256972
257026
257070
257293
257301
257583
258064
258204
258206
258287
258334
258354
258359
258392
258492
258566
258758
259173
259222
259231
259240
259370
259393
259443
259492
259510
259566
259654
259778
260017
260110
260121
260223
260425
260574
260742
260763
260860
260925
261092
261164
261164
261297
261299
261472
261668
261828
261918
262009
262013
262357
262381
262611
262670
262829
262833
262881
262907
263049
263067
263093
263251
263312
263642
263672
263762
263880
263885
263938
264279
264517
264537
264544
264576
264645
264661
264759
264791
264897
265035
265114
265294
265301
265322
265480
265569
265603
265673
265740
265777
265874
265981
266287
266433
266516
266761
266777
266779
267051
267067
267084
267133
267134
267223
267253
267295
267793
267797
267837
268420
268469
268497
268510
268519
268620
268624
268650
268769
268811
268862
268864
268866
268978
269037
269073
269115
269185
269253
269509
269567
269923
270044
270084
270405
270461
270491
270492
270619
270665
270669
270692
270707
270723
270736
270902
271103
271173
271208
271215
271382
271406
271467
271528
271593
271650
271761
271812
271863
272056
272206
272371
272602
272610
272636
272846
272981
273076
273372
273531
273534
273780
273857
273880
273911
273985
274178
274181
274260
274296
274390
274699
274777
274800
274859
274942
274944
275205
275477
275777
275906
275955
276011
276236
276292
276360
276443
276494
276621
276675
276683
276699
276703
276818
277155
277411
277494
277504
277521
277539
277805
277855
277880
278092
278094
278274
278287
278467
278575
278827
278904
278958
278971
279184
279338
279369
279480
279505
279608
279610
279678
279935
279964
279999
280015
280048
280156
280208
280214
280215
280355
280616
280950
280965
281004
281048
281068
281244
281327
281350
281354
281436
281499
281648
281758
281834
282078
282105
282198
282208
282414
282428
282574
282597
282618
282653
282827
282984
282989
283053
283123
283306
283469
283508
283567
283838
283937
284345
284368
284638
285202
285276
285413
285471
285525
285650
285693
285750
285869
286058
286168
286206
286302
286412
286480
286523
286607
286608
286615
286751
286762
286788
286957
287012
287101
287180
287352
287368
287453
287725
287743
287770
287784
287890
287919
288195
288249
288393
288429
288434
288683
288901
288956
289070
289095
289129
289184
289281
289301
289418
289549
289580
289656
289683
289912
290332
290344
290412
290433
290595
290745
290803
290878
291034
291125
291190
291409
291524
291564
291564
291816
291866
291917
292019
292331
292392
292462
292567
292671
292746
292757
292907
293073
293112
293185
293258
293271
293324
293341
293378
293510
293568
293599
293896
293908
293934
294200
294451
294471
294554
294567
294596
294666
294716
294929
294951
295114
295267
295481
295509
295610
295669
295695
295794
296044
296079
296270
296289
296298
296321
296386
296391
296541
296816
296844
296853
296870
296916
297204
297249
297252
297264
297381
297408
297538
297545
297603
297648
297688
297702
297802
297963
297968
297978
298103
298199
298319
298418
298566
298567
298568
298724
298774
298923
298981
299112
299219
299653
299868
299902
299941
299962
300016
300029
300140
300524
300597
300610
300746
300748
300865
301189
301202
301292
301373
301464
301512
301667
301735
301893
301894
301952
302085
302112
302198
302288
302582
302600
302785
302832
303036
303146
303181
303186
303281
303397
303452
303654
303713
303748
303785
303859
303864
304019
304297
304383
304453
304874
304967
305351
305575
305617
305758
305916
305979
306132
306146
306213
306306
306560
306696
306787
307028
307095
307230
307317
307320
307706
307752
307857
307863
307924
307927
307947
307997
308269
308377
308432
308470
308513
308732
308738
308752
308815
308874
308876
308891
308914
308942
309051
309104
309182
309241
309412
309413
309452
309600
309674
309711
309781
310041
310096
310178
310310
310570
310787
310824
310838
311103
311183
311227
311634
311823
311825
311843
311865
311967
312066
312348
312402
312823
312895
313111
313124
313129
313224
313643
313707
313737
313762
314005
314009
314061
314067
314070
314086
314111
314236
314492
314533
314595
314710
314830
314873
314932
315006
315154
315404
315491
315529
315538
315583
315584
315598
315608
315632
315660
316025
316528
316641
316664
316740
316773
316781
316825
316855
317102
317320
317377
317479
317538
317630
317743
317808
318062
318072
318212
318362
318402
318483
318505
318590
318747
318754
318876
318891
318926
318947
319312
319364
319595
319652
319808
319816
319882
320042
320147
320148
320176
320183
320322
320350
320551
320672
320725
320871
320873
321243
321260
321431
321466
321492
321587
321825
322117
322137
322193
322271
322346
322400
322611
322616
322703
322711
322866
322903
323056
323189
323354
323375
323384
323594
323607
323746
323792
323843
323882
323898
323976
324261
324381
324421
324813
324858
324981
325049
325074
325109
325299
325312
325368
325599
325741
325831
326025
326029
326234
326235
326252
326293
326342
326358
326507
326741
326778
326830
326925
326983
326984
327029
327059
327064
327115
327172
327221
327269
327378
327449
327556
327581
327702
327757
327785
327836
327839
327892
327906
328147
328173
328231
328247
328379
328577
328631
328632
329027
329351
329383
329421
329500
329553
329734
329744
329769
329956
329985
330179
330212
330308
330424
330441
330529
330767
330828
330849
330883
330992
331004
331117
331181
331227
331257
331399
331595
331734
331879
332559
332617
332707
332756
332822
333094
333297
333455
333485
333508
333671
333952
333956
334068
334186
334190
334296
334363
334533
334575
334766
334790
334833
334851
334853
334877
334922
335008
335326
335404
335456
335555
335664
335756
335779
335795
336083
336127
336130
336158
336165
336261
336386
336498
336597
336625
336686
336910
336932
336934
337290
337352
337490
337552
337624
337832
337896
337938
337945
338058
338364
338383
338662
338692
339135
339141
339294
339422
339438
339758
340042
340072
340130
340139
340155
340310
340353
340462
340562
340616
340635
340831
341051
341119
341160
341193
341297
341452
341474
341579
341588
341597
341716
341727
341803
341842
341900
341979
342219
342221
342368
342532
342872
343064
343152
343228
343396
343440
343547
343582
343943
344157
344205
344386
344549
344663
344818
345060
345091
345134
345205
345536
345563
345657
345710
345784
345837
345879
345894
346012
346064
346147
346148
346154
346387
346601
346936
347145
347174
347209
347264
347334
347463
347648
347699
347702
347732
347804
347847
347964
348020
348392
348627
348955
349110
349146
349367
349399
349488
349828
349837
349904
350280
350661
350701
350747
350855
350916
350924
351006
351026
351090
351151
351290
351310
351492
351574
351933
352023
352234
352312
352319
352466
352547
352572
352603
352620
352628
352773
353100
353210
353246
353294
353496
353507
353685
353780
354058
354121
354179
354189
354226
354237
354280
354314
354387
354461
354506
354549
354658
354808
354863
354987
355055
355059
355088
355090
355150
355265
355421
355509
355511
355587
355619
355779
355852
355996
356100
356153
356262
356287
356531
356563
356638
356733
356843
356933
357110
357267
357345
357355
357408
357451
357510
357615
357623
357762
357946
357953
358105
358255
358458
358955
359035
359040
359107
359279
359305
359403
359422
359495
359500
359612
359661
359663
359773
359778
359787
359803
359843
359937
360105
360148
360192
360267
360456
360596
360609
360745
360788
360923
361200
361260
361423
361661
361666
361689
362122
362144
362177
362371
362468
362522
362583
362714
362871
362935
362980
363065
363086
363201
363210
363240
363254
363268
363376
363508
363632
363683
363734
363963
364112
364177
364256
364265
364268
364282
364352
364398
364612
364758
364849
364850
365024
365156
365173
365239
365360
365631
365692
365820
365967
366210
366453
366488
366526
366559
366777
366825
366862
366966
366997
367029
367070
367115
367382
367445
367696
367703
367886
367923
368040
368114
368248
368329
368421
368755
368762
368767
368893
368928
369180
369239
369392
369649
370074
370247
370250
370277
370334
370488
370499
370649
370713
370718
370797
370858
370910
370970
371093
371216
371237
371721
371731
371853
371988
372002
372377
372495
372526
372546
372585
372676
372802
372871
372874
372909
372917
372944
372969
372991
373046
373052
373181
373321
373322
373440
373831
373892
373946
373988
374146
374150
374251
374620
374690
374770
374945
374983
375069
375074
375119
375126
375317
375518
375573
375610
375616
375706
375787
375800
375813
376117
376236
376337
376479
376530
376647
376666
376706
376834
376904
376968
377022
377080
377113
377157
377255
377255
377319
377367
377615
377677
377815
377886
377886
378144
378203
378412
378468
378824
378993
379120
379137
379166
379325
379406
379446
379643
379713
379721
379896
379930
380115
380685
380765
380794
380816
380829
381087
381102
381252
381322
381326
381361
381531
381647
381766
382037
382209
382304
382429
382481
382566
382740
382749
382761
382839
382850
382874
383117
383339
383410
383536
383566
383595
383653
383698
383824
383940
384109
384168
384290
384311
384592
384650
384657
384860
384967
385472
385491
385496
385617
385654
385658
385660
385761
385814
385917
385963
386055
386135
386175
386298
386325
386629
386675
386717
386851
386970
387056
387230
387231
387378
387459
387506
387671
387727
387737
387748
387891
388330
388381
388474
388530
388921
389050
389178
389206
389213
389497
389552
389582
389612
389620
389626
389626
389641
389779
389784
389825
389831
389906
389967
389969
389972
390025
390034
390086
390110
390205
390205
390451
390453
390685
390769
390833
390841
390910
391190
391274
391361
391456
391505
391693
391781
392003
392148
392400
392494
392551
392558
392892
393047
393200
393402
393832
393915
394279
394287
394459
394498
394619
394660
394929
394983
395037
395227
395267
395387
395408
395425
395477
395673
395774
395835
395869
395888
396254
396257
396357
396478
396482
396708
396744
396758
396762
396971
397070
397212
397466
397716
397929
397982
398213
398254
398327
398333
398404
398558
398744
398817
399000
399047
399067
399086
399098
399532
399534
399578
399790
399950
400159
400207
400239
400329
400347
400355
400361
400376
400452
400578
400603
400727
400887
400924
400939
401022
401034
401097
401472
401498
401653
401664
401705
401755
401816
401870
401985
402137
402217
402239
402376
402404
402471
402571
402802
402964
403131
403179
403320
403483
403546
403643
403726
403863
404029
404168
404297
404340
404384
404427
404518
404622
404660
404722
404794
404796
404797
405015
405039
405197
405317
405398
405402
405463
405553
405612
405651
405787
405903
405909
406147
406237
406860
407077
407142
407145
407325
407329
407469
407513
407605
407746
407754
407775
408184
408191
408254
408289
408537
408716
408779
408833
408975
408992
409052
409177
409216
409235
409410
409600
409699
409709
409777
409940
410197
410206
410370
410411
410576
410580
410615
410687
410845
410899
410966
411058
411072
411093
411154
411249
411389
411470
411732
411870
411980
412050
412201
412250
412717
412767
412832
412845
412931
413091
413133
413165
413233
413240
413298
413322
413338
413442
413664
413867
413883
414043
414121
414247
414356
414913
415023
415035
415532
415643
415649
416154
416201
416334
416396
416399
416440
416575
416606
416830
416831
416868
417000
417005
417314
417362
417441
417478
417553
417623
417683
417780
417806
417837
417842
417945
418027
418147
418257
418348
418393
418594
418687
418691
418782
419020
419078
419519
419585
419597
419597
419786
419816
419840
419841
419916
419940
419967
420076
420191
420197
420263
420316
420404
420510
420565
420626
420646
420693
420778
420953
421026
421327
421436
421537
421582
421582
421639
421772
422283
422427
422599
422717
422782
422802
422844
422934
422994
423029
423044
423157
423242
423508
423690
423767
424101
424117
424142
424235
424301
424307
424460
424552
424555
424577
424759
424791
425024
425044
425232
425344
425476
425538
425562
425679
425823
425828
425856
425864
426014
426038
426307
426340
426407
426471
426480
426543
426581
426612
426761
426832
426864
427082
427083
427115
427147
427228
427248
427290
427355
427400
427477
427482
427572
427588
427723
427885
427888
427982
428406
428567
428697
428801
428822
428962
428985
429005
429021
429074
429113
429169
429230
429243
429288
429295
429488
429596
429667
429675
429681
429716
429735
429984
430112
430133
430142
430202
430208
430209
430307
430626
430636
430657
430718
430771
430942
431067
431282
431283
431305
431448
431461
431575
431620
431901
431960
432250
432254
432321
432414
432457
432543
432650
432654
432665
432727
432810
432828
432915
433162
433184
433207
433237
433258
433383
433535
433691
433744
433755
433846
433926
433968
434040
434042
434084
434117
434346
434439
434461
434477
434591
434753
434807
434859
434862
434968
435036
435167
435301
435534
435593
435617
435820
435829
435833
435921
435946
435969
436180
436185
436691
436695
436776
437145
437209
437273
437460
437467
437596
437785
437841
438183
438234
438485
438504
438819
438852
438892
438900
438989
439036
439100
439162
439632
439692
439705
439755
440002
440052
440221
440292
440317
440436
440488
440933
441131
441179
441232
441326
441404
441434
441614
441623
441840
442008
442188
442190
442225
442381
442450
442464
442469
442662
442703
442813
443238
443264
443315
443410
443419
443448
443467
443562
443588
443617
444170
444176
444191
444223
444381
444407
444764
444951
445030
445056
445158
445414
445479
445518
445551
445581
445593
445642
445717
445741
445928
446088
446116
446474
446700
446823
447012
447302
447375
447395
447608
447655
447830
447862
447985
448135
448173
448182
448811
448992
449006
449151
449156
449326
449347
449554
449654
449675
449692
449772
449810
449845
450064
450150
450206
450259
450472
450657
450665
450785
450842
450868
451094
451230
451284
451396
452091
452128
452169
452313
452393
452431
452446
452670
453060
453086
453211
453283
453286
453484
453572
453575
453712
453741
453875
454004
454154
454215
454245
454295
454518
454520
454625
454717
454760
454792
454820
455136
455246
455262
455293
455333
455365
455416
455640
455744
455815
455839
456075
456136
456157
456335
456378
456525
456548
456569
456591
456608
456863
456872
457313
457574
457608
457683
457698
457746
457760
458002
458057
458119
458493
458544
458621
458672
458674
458719
458722
459364
459538
459622
459835
459868
459875
460000
460022
460233
460321
460324
460466
460764
460809
460903
460903
460939
460945
461055
461270
461356
461403
461547
461649
461745
461957
462007
462048
462192
462226
462237
462254
462257
462319
462394
462463
462475
462515
462541
462556
462702
462890
462977
463002
463086
463099
463112
463131
463182
463537
463641
463717
463843
463844
463928
463931
463965
464066
464243
464258
464287
464311
464357
464488
464693
464782
464858
464871
464970
464993
465216
465315
465342
465390
465419
465464
465657
465741
465887
465938
465942
466063
466098
466109
466119
466434
466468
466491
466818
466867
466916
466946
467049
467177
467179
467213
467240
467335
467423
467617
467745
467748
467792
467815
467922
467932
467961
467991
468001
468078
468115
468467
468651
468736
468827
468934
468959
468967
469005
469044
469211
469709
469789
469814
469842
469867
469940
469985
469996
470165
470214
470278
470353
470382
470467
470528
470558
471259
471301
471640
471645
471889
471955
472038
472255
472278
472320
472322
472415
472630
472639
472688
472741
472769
472892
473182
473271
473389
473538
473556
473594
473691
474020
474043
474078
474197
474254
474329
474422
474576
474595
474866
474904
474963
474995
475181
475220
475322
475536
475622
475673
475730
475799
475839
475894
475960
475978
476009
476174
476238
476321
476601
476675
476800
476832
476860
476923
476932
477002
477034
477070
477132
477241
477318
477353
477368
477530
477556
477575
477659
477743
477905
477961
478053
478115
478121
478126
478350
478368
478524
478827
478879
478954
479024
479084
479090
479173
479265
479281
479310
479329
479397
479534
479630
479630
479733
479765
479772
479774
479818
479827
480032
480056
480196
480449
480570
480832
480889
481126
481290
481519
481665
481672
481690
481906
481938
481941
482018
482235
482281
482536
482584
482777
482792
482803
483008
483063
483246
483374
483450
483549
483606
483622
483732
483882
484218
484240
484267
484322
484430
484477
484499
484510
484527
484553
484683
484927
485078
485179
485195
485456
485566
485585
485589
485601
485625
485730
485761
485966
486062
486067
486075
486255
486267
486300
486307
486373
486436
486554
486615
486687
486713
486738
486802
486891
487025
487066
487107
487192
487295
487356
487375
487385
487526
487976
488041
488056
488136
488208
488285
488470
488590
488738
488867
488976
489110
489175
489256
489390
489643
489682
489765
489789
489880
489901
490001
490034
490207
490543
490724
490917
490996
491078
491553
491575
491735
491757
491832
491910
492454
492703
492779
492972
493005
493028
493080
493239
493256
493290
493514
493752
493889
494019
494054
494077
494119
494212
494318
494360
494385
494481
494556
494713
494805
494860
494911
494941
494981
495038
495084
495278
495380
495489
495845
495874
495981
495981
496038
496064
496100
496186
496234
496327
496421
496567
496742
497173
497522
497655
497856
497920
498258
498289
498544
498817
498865
498876
498903
499329
499340
499382
499390
499423
499862
499975
500047
500286
500449
500580
500616
500645
500692
500735
500752
500765
500799
500883
500995
501125
501147
501163
501181
501189
501293
501515
501590
501599
501775
501778
501784
501907
501942
502189
502193
502281
502330
502607
502669
502770
502811
502874
503182
503424
503443
503467
503469
503516
503603
503820
504007
504077
504130
504362
504458
504651
504721
504969
505053
505213
505510
505521
505537
505554
505568
505642
505643
505651
505708
505773
505832
505927
506048
506243
506306
506328
506335
506377
506395
506437
506528
506693
506724
506743
506823
506915
506944
507005
507019
507027
507042
507057
507159
507244
507758
507813
508157
508168
508180
508313
508347
508371
508408
508443
508510
508996
509073
509084
509123
509254
509289
509528
509601
509608
509638
509761
509932
509940
509995
510279
510299
510399
510435
510466
510685
510852
510866
510920
510986
511000
511217
511217
511275
511309
511503
511581
511700
511726
511969
512082
512100
512165
512304
512413
512697
512732
513019
513025
513052
513053
513184
513227
513438
513463
513552
513657
513705
513883
513899
513967
513976
514163
514551
514631
514695
514871
515011
515074
515166
515382
515455
515665
515814
515822
515898
516035
516055
516116
516277
516522
516565
516757
516832
516864
516922
517212
517243
517438
517451
517545
517619
517686
517816
517860
517954
517989
518016
518047
518123
518128
518292
518456
518645
518666
518669
518813
519205
519299
519316
519335
519699
519890
519938
519975
520040
520293
520314
520380
520395
520419
520495
520793
520818
520950
521235
521287
521315
521395
521428
521621
521718
521855
521904
522206
522282
522349
522410
522493
522553
522638
522716
522841
522933
522991
523569
523588
523597
523702
523786
523810
523957
524009
524049
524143
524311
524379
524470
524541
524629
524713
524715
524753
525032
525075
525092
525119
525147
525458
525545
525596
525659
525737
525762
525821
525905
526013
526021
526116
526143
526155
526315
526363
526384
526461
526486
526489
526563
526588
526642
526787
526852
526935
527018
527059
527121
527302
527369
527479
527521
527537
527579
527642
527693
527741
527854
527963
528085
528132
528228
528280
528401
528746
528767
528977
529152
529163
529196
529199
529598
529630
529983
530040
530057
530434
530566
530622
530626
530646
530701
530719
530730
530855
531083
531207
531280
531423
531497
531654
531705
531709
531723
531989
532024
532151
532155
532420
532569
532896
533062
533084
533194
533265
533391
533452
533595
533660
534081
534107
534188
534237
534256
534280
534306
534325
534511
534550
534661
534668
534688
534903
534997
535000
535016
535106
535303
535459
535490
535522
535721
535724
536072
536096
536406
536457
536542
536553
536775
537060
537064
537065
537250
537365
537492
537512
537571
537618
537760
537798
537828
537928
538221
538253
538413
538426
538431
538445
538460
538481
538498
538551
538800
539069
539139
539197
539285
539505
539576
539768
539810
539819
539856
539862
539903
539912
540061
540065
540216
540340
540350
540419
540645
540656
540676
540687
540748
540784
540817
541005
541164
541184
541452
541681
541880
542049
542195
542388
542462
542505
542694
542805
542991
543138
543164
543170
543219
543251
543319
543341
543450
544048
544055
544109
544713
544736
545089
545127
545170
545186
545286
545320
545443
545453
545500
545736
545830
546191
546211
546304
546330
546414
546457
546484
546558
546678
546779
546791
547073
547178
547752
547757
547891
548190
548208
548348
548383
549026
549050
549079
549193
549254
549289
549390
549435
549565
549570
549665
549895
549979
550052
550092
550120
550173
550238
550316
550325
550461
550633
550642
550743
551053
551132
551204
551206
551402
551525
551815
552003
552012
552233
552489
552508
552563
552570
552628
552737
552811
553066
553069
553350
553450
553537
553668
553756
553942
553955
554136
554425
554473
554553
554639
554692
554704
554771
554781
554917
554921
555007
555063
555381
555574
555577
555705
555744
555932
555941
556046
556068
556076
556221
556336
556371
556409
556524
556535
556575
556665
556717
556918
556935
557020
557040
557240
557600
557679
557697
557784
557801
558029
558092
558357
558359
558398
558403
558426
558429
558464
558483
558561
558598
558728
559042
559102
559117
559271
559298
559336
559356
559393
559609
559753
559800
559845
559880
560030
560570
560772
560786
560841
560925
561087
561124
561128
561156
561279
561392
561418
561770
561864
561882
562035
562129
562243
562367
562489
562528
562669
562730
562809
562882
562921
563024
563174
563215
563664
563717
563802
564010
564073
564110
564178
564217
564420
564637
564854
564928
565021
565124
565172
565301
565550
565591
565622
566010
566035
566105
566434
566723
566783
566935
567095
567136
567172
567294
567386
567425
567815
567931
567995
568221
568304
568402
568442
568502
568505
568522
568642
568736
568759
568768
568825
568916
569009
569021
569388
569611
569662
569700
569785
569895
570010
570089
570399
570496
570584
570724
570734
570923
570937
570957
570988
571076
571163
571207
571464
571540
571643
571650
571746
571766
571789
571891
571973
571975
572004
572332
572355
572370
572419
572442
572455
572487
572605
572616
572655
572685
572800
572812
573421
573581
573620
573639
573853
573937
574164
574256
574410
574449
574625
574683
574684
574751
574846
574925
575110
575159
575198
575229
575497
575536
575706
575745
575908
575937
575973
575982
576000
576044
576152
576199
576251
576293
576379
576422
576453
576481
576483
576495
576628
576775
576862
577072
577078
577122
577151
577299
577413
577424
577536
577602
577630
577705
577825
578071
578081
578173
578262
578773
578891
579252
579306
579628
579682
579786
580107
580284
580284
580516
580680
580700
580796
580910
581065
581092
581224
581457
581556
581635
581710
581760
581823
581913
581967
582066
582073
582214
582342
582449
582708
582738
582879
582988
583053
583096
583140
583340
583429
583546
583703
583746
583766
583777
583902
583921
583943
584306
584603
584686
584742
584753
585057
585088
585097
585331
585428
585555
585611
585616
585734
585879
585987
586528
586535
586600
586630
586690
586886
587010
587119
587364
587424
587498
587657
587841
587958
588024
588030
588246
588252
588314
588333
588342
588633
588646
588683
588752
588885
588954
589260
589419
589450
589500
589625
589853
590001
590069
590079
590405
590509
590522
590547
590700
590724
590848
590879
590915
590968
591001
591028
591182
591265
591268
591374
591381
591441
591526
591533
591681
591704
591871
591970
592138
592383
592467
592494
592802
592957
593100
593181
593353
593359
593428
593527
593753
593805
593812
593835
593977
594070
594169
594566
594624
594664
594681
594770
594790
594828
594848
594893
594903
595031
595061
595076
595086
595183
595210
595235
595560
595587
595623
595681
595920
595941
596059
596127
596401
596488
596640
596693
596869
597188
597537
597551
597880
597898
598001
598152
598160
598247
598335
598339
598357
598433
598448
598471
598643
598666
598753
598826
599128
599152
599180
599195
599245
599346
599378
599392
599432
599481
599792
599860
599875
599937
600017
600026
600049
600127
600179
600186
600224
600261
600285
600382
600454
600613
600690
600796
600830
600835
600858
600964
601144
601189
601326
601424
601442
601466
601654
601714
601743
601763
601830
601833
601838
601867
601877
601890
602051
602147
602278
602294
602421
602565
602663
602698
602715
602725
602884
603024
603030
603146
603161
603290
603410
603435
603498
603638
603645
603702
603716
603723
603754
603990
604078
604199
604223
604576
604819
605054
605121
605224
605256
605372
605511
605568
605667
605766
605773
605930
605955
605955
605970
606066
606078
606133
606175
606182
606199
606470
606534
606542
606713
606789
606922
607045
607057
607151
607256
607429
607570
607836
607954
607989
608077
608139
608186
608273
608563
608715
608759
608970
609031
609306
609340
609469
609516
609540
609550
609633
609660
609676
609716
609896
610036
610130
610168
610345
610575
610691
610764
610895
610953
611048
611088
611107
611369
611542
611614
611622
611677
611796
611827
611890
611932
611943
612036
612118
612245
612263
612274
612383
612416
612618
612648
612653
612667
612773
612898
612903
613071
613419
613466
613471
613494
613500
613686
613704
613981
614069
614077
614135
614144
614335
614501
614562
614634
614731
614882
614927
615092
615150
615180
615400
615797
615809
616220
616273
616450
616715
616898
617089
617116
617230
617243
617332
617472
617529
617580
617645
617660
617786
617886
618322
618328
618472
618632
618660
618879
618979
619056
619133
619197
619265
619370
619474
619515
619532
619584
619866
620028
620031
620212
620259
620282
620779
620781
620950
620959
621121
621297
621316
621455
621520
621608
621626
621645
621724
621833
621945
621948
621969
622133
622211
622213
622248
622356
622595
622597
622602
622738
622844
622884
622944
623071
623157
623478
623517
623652
623724
623822
623942
623957
624094
624223
624256
624351
624512
624528
624540
624716
624769
624889
624932
624971
625050
625274
625303
625390
625426
625561
625629
625750
625772
625855
625872
625983
626088
626156
626254
626289
626320
626386
626565
626684
626792
626815
626848
626977
627098
627133
627270
627431
627454
627611
627663
627794
627805
628053
628061
628190
628269
628613
628792
628967
629016
629118
629212
629273
629351
629371
629711
629905
629911
629990
630057
630066
630251
630263
630310
630359
630554
630672
630674
630690
631422
631462
631479
631511
631711
631908
632294
632444
632639
632764
632898
633037
633071
633142
633320
633601
633649
633731
633765
633874
634103
634118
634247
634793
635049
635116
635161
635166
635416
635465
635553
635580
635615
635691
635712
635740
635752
635884
635992
636043
636137
636208
636248
636430
636440
636642
636715
636731
636807
636873
636911
637038
637095
637259
637369
637382
637534
637686
637751
637801
637879
637887
637898
637923
638072
638092
638133
638303
638577
638622
638624
638701
638716
639006
639079
639205
639269
639278
639339
639626
639644
639847
639854
639882
639943
639990
640173
640326
640454
641130
641652
641684
641821
641840
642034
642098
642366
642472
642547
642576
642679
642721
642731
642902
643030
643033
643166
643246
643275
643282
643318
643570
643683
643724
643811
644040
644210
644237
644304
644414
644505
644583
644645
644676
644737
644757
644794
644864
644882
644921
644938
645087
645171
645178
645338
645689
645734
645737
645832
645919
645949
646123
646349
646357
646407
646456
646589
646693
646826
646904
647103
647134
647443
647672
647740
647797
647824
647841
648049
648225
648383
648384
648581
648622
648683
648917
649015
649047
649110
649155
649160
649196
649228
649255
649468
649503
649751
649806
649814
649826
649956
650035
650043
650170
650175
650185
650229
650406
650418
650969
650982
651369
651548
651740
651765
651891
652030
652098
652108
652120
652468
652546
652554
652676
652749
652755
652891
653033
653155
653207
653247
653441
653581
653611
653705
653760
653794
654067
654212
654295
654551
654559
654617
654642
654884
654914
654930
654989
655051
655276
655432
655478
655500
655575
655606
655633
655658
655659
655737
656006
656068
656202
656308
656461
656561
656639
656804
656827
656863
657152
657186
657207
657338
657373
657426
657577
657638
657640
657793
657963
658118
658179
658265
658359
658483
658539
658540
658645
658766
658955
659260
659345
659440
659462
659480
659582
659630
659756
659854
660107
660190
660194
660358
660618
660654
660777
660795
660840
660872
660914
660982
661015
661098
661134
661351
661374
661568
661877
661879
661952
662025
662164
662293
662309
662344
662398
662419
662591
662600
662618
662751
662803
662841
662952
662976
663044
663137
663146
663209
663259
663286
663393
663498
663521
663653
663804
663987
664090
664099
664229
664233
664414
664651
664693
664900
664971
665014
665031
665047
665091
665257
665270
665289
665341
665438
665549
665571
665575
665591
665656
665957
666149
666164
666447
666566
666626
666749
666771
666863
666933
667111
667435
667653
667680
667775
667786
667804
668123
668138
668234
668248
668352
668354
668630
668633
668698
668726
668824
668892
668921
669460
669480
669500
669565
669668
669724
670024
670066
670087
670113
670137
670176
670347
670496
670503
670624
670628
670694
670723
671133
671303
671312
671325
671343
671471
671547
671591
671684
671800
671961
672079
672370
672448
672465
672888
672888
673025
673250
673774
673775
673832
674086
674533
674595
674616
674752
674815
674821
674923
675110
675266
675385
675468
675487
675683
675684
675896
675977
676414
676427
676510
676530
676628
676629
676757
676777
676819
677132
677137
677144
677149
677744
677792
677797
677830
678068
678087
678149
678486
678690
678873
678960
678965
679093
679117
679184
679290
679363
679656
679892
680041
680232
680467
680515
680598
680711
680739
680780
680814
680846
680856
680956
681026
681070
681072
681576
681629
681631
681895
681973
682152
682172
682354
682435
682607
682624
682797
682919
682949
683104
683112
683117
683344
683476
683501
683655
683689
684206
684352
684377
684412
684633
684633
684900
684903
684927
684996
685006
685159
685190
685225
685232
685282
685600
685659
685746
685762
686072
686111
686234
686478
686560
686758
686810
686825
686837
686941
687208
687321
687563
687852
687978
687979
688035
688085
688180
688209
688270
688404
688405
688431
688715
688715
688939
688963
689031
689101
689279
689352
689831
689972
690114
690118
690239
690364
690707
690718
691044
691077
691119
691119
691518
691587
691728
691768
691781
691787
691834
691870
692071
692167
692245
692362
692499
692539
692567
692586
692683
692865
692943
693008
693012
693165
693268
693306
693313
693483
693605
693703
693813
693877
693935
693961
694108
694129
694199
694232
694250
694270
694338
694343
694362
694388
694388
694429
694609
694654
694915
695048
695049
695136
695179
695182
695279
695415
695511
695603
695669
695808
696002
696063
696242
696244
696335
696458
696738
697090
697101
697192
697199
697405
697458
697497
697539
697560
697591
697698
697847
697868
698008
698028
698105
698150
698180
698318
698497
698651
698951
699034
699261
699420
699532
699583
699601
699627
699725
699845
699949
700110
700160
700292
700292
700314
700557
700669
700831
700897
701097
701297
701314
701369
701447
701610
701956
701997
702190
702250
702288
702403
702525
702693
702706
702788
702822
702828
702840
702929
702953
703032
703094
703113
703123
703296
703319
703354
703366
703397
703749
703993
704095
704168
704185
704243
704274
704297
704422
704662
704693
704708
704774
704809
704903
705120
705263
705466
705698
705728
705769
705935
706166
706209
706242
706273
706423
706544
706590
706629
706874
706928
706935
707060
707115
707236
707328
707362
707505
707610
707729
707741
707784
707826
707885
707994
708094
708179
708229
708254
708411
708419
708482
708592
708616
708670
709056
709146
709461
709594
709684
709839
709894
710010
710083
710318
710414
710559
710587
710589
710898
711160
711347
711725
711801
711804
711848
711968
712032
712036
712094
712150
712255
712341
712355
712456
712709
712825
713129
713465
713659
713720
713801
714123
714335
714363
714368
714393
714533
714551
714622
714864
714866
714934
714956
715055
715185
715185
715246
715399
715597
715616
715687
715800
715867
715882
715916
716109
716180
716235
716489
716553
716577
716587
716740
716747
717432
717668
717802
717852
717857
717868
717909
718271
718332
718621
718674
718763
718789
718793
718824
718902
718949
719000
719197
719214
719327
719354
719381
719427
719448
719544
719832
719885
719900
720020
720062
720167
720229
720344
720406
720514
720688
720699
721024
721164
721209
721225
721259
721337
721348
721415
721565
721726
721799
721833
721974
722007
722173
722348
722352
722354
722422
722521
722574
722599
722621
722760
722932
722948
723096
723098
723101
723101
723283
723332
723393
723551
723559
723626
723763
723847
723879
724290
724503
724537
724594
724639
724767
724822
724868
724889
724945
724995
725373
725400
725480
725491
725785
725787
725942
726040
726104
726124
726386
726699
726745
726768
726834
726970
726997
727018
727070
727115
727121
727252
727720
727834
727841
727922
728044
728250
728489
728531
728648
728878
729338
729342
729393
729489
729513
729667
729745
730027
730147
730241
730420
730506
730531
730567
730594
730812
731115
731137
731178
731272
731277
731306
731409
731479
731573
731583
731607
731650
731688
731941
732056
732149
732157
732165
732454
732484
732652
733087
733118
733321
733352
733366
733417
733583
733674
733730
733780
733884
733965
734286
734300
734539
734609
734650
734734
734870
734894
734941
735063
735072
735487
735591
735625
735633
735664
735711
735815
735855
735953
736122
736131
736140
736198
736252
736669
736743
736755
736779
736795
737137
737316
737326
737433
737606
737808
737827
737943
738088
738130
738328
738448
738717
738836
739000
739022
739664
739729
739741
739782
739902
739911
740208
740243
740322
740425
740449
740555
740561
740817
740850
741128
741134
741138
741147
741424
741616
741842
741966
741988
742011
742019
742102
742461
742576
742631
742683
742753
742891
743011
743011
743049
743097
743354
743463
743485
743520
743525
743598
743697
743724
743779
743837
743886
743896
744471
744555
744560
744562
744568
744575
744635
744710
744776
744944
744962
745070
745070
745155
745185
745424
745533
745545
745581
745592
745756
745837
745924
745955
745992
746012
746032
746064
746081
746405
746427
746484
746670
746691
747044
747140
747258
747390
747533
747566
747574
747639
747666
747769
747796
747803
747869
747888
747942
747943
748009
748040
748435
748512
748601
748620
748652
748703
748745
748794
748873
748903
749041
749127
749167
749185
749216
749353
749571
749577
749585
749608
749845
750175
750250
750364
750483
750558
750578
750853
750954
750955
751037
751142
751247
751269
751525
751571
751616
751773
751840
751847
752144
752190
752378
752436
752541
752595
752748
752754
752764
752889
753038
753087
753209
753226
753236
753559
753603
753638
753654
753668
753685
753724
753862
754066
754201
754333
754450
754624
754739
754777
754851
754853
754951
755226
755320
755353
755422
755491
755522
755535
755550
755583
755595
755596
755624
755684
755820
755914
755930
756289
756349
756460
756484
756622
756745
756894
756995
757170
757261
757304
757346
757403
757555
757729
757766
757830
758039
758091
758157
758319
758504
758586
758924
758937
759040
759042
759175
759354
759607
759769
759829
759835
759837
759921
760035
760073
760084
760087
760104
760183
760264
760284
760403
760421
760463
760465
760515
760551
760631
760647
760695
761294
761416
761503
761535
761929
762133
762198
762273
762275
762612
762787
762937
762956
763125
763126
763142
763262
763436
763590
763590
763604
763631
763913
763958
763997
764179
764225
764241
764258
764897
765226
765267
765386
765439
765485
765501
765506
765535
765723
765729
765948
766061
766085
766091
766498
766517
766625
766896
767009
767023
767046
767055
767156
767198
767375
767593
767786
767858
767868
767945
767979
767980
768242
768345
768474
768503
768578
768663
768678
768688
768706
768746
768759
768842
768867
768939
768980
769054
769072
769115
769197
769250
769310
769451
769473
769500
769541
769602
769659
769694
769707
769731
769856
770153
770420
770467
770673
770755
770859
770906
770912
771126
771282
771312
771360
771498
771562
771603
771671
771745
771881
772037
772281
772301
772337
772541
772603
772613
772616
772633
772642
772841
772886
772936
772956
773075
773208
773251
773399
773407
773474
773503
773512
773706
773899
773912
773923
774174
774261
774422
774486
774503
774618
774647
774801
774863
775147
775282
775354
775510
775629
775630
775680
775744
775848
775950
776208
776264
776384
776437
776657
777099
777206
777237
777299
777434
777882
778184
778318
778395
778523
778735
778792
778838
778898
778899
778914
779300
779326
779393
779480
779547
779599
779613
779839
779873
779933
780097
780178
780203
780227
780376
780426
780583
780627
780685
780712
780721
780992
781032
781084
781102
781265
781266
781419
781614
781629
781803
781875
782111
782461
782509
782563
782581
782634
782671
782691
782698
782754
782836
782847
782860
783002
783067
783107
783110
783117
783364
783377
783430
783575
783655
783766
783772
783845
783989
784305
784495
784536
784553
784639
784655
784924
785014
785029
785261
785267
785397
785513
785550
785715
785869
785974
785992
786044
786097
786203
786308
786455
786573
786596
786676
786837
786901
786959
786970
787061
787243
787359
787391
787421
787691
787818
787904
787946
788079
788117
788145
788222
788260
788342
788356
788389
788409
788537
788669
788756
788851
788968
788984
788989
789038
789167
789190
789349
789461
789477
789479
789488
789552
789747
789887
789889
790095
790158
790359
790419
791069
791183
791298
791496
791614
791653
791832
791850
791966
792009
792087
792095
792143
792173
792347
792386
792414
792574
792609
792721
792745
792884
792913
792926
793035
793078
793384
793549
793594
793683
793795
794048
794228
794286
794333
794407
794408
794500
794507
794559
794565
794649
794771
794821
794869
794872
794997
795053
795137
795175
795354
795374
795397
795419
795491
795595
795766
795781
796135
796225
796289
796529
796816
797257
797378
797716
797878
797998
798020
798037
798125
798133
798172
798452
798612
798613
798667
798745
798878
798959
799021
799040
799040
799182
799234
799352
799449
799509
799561
799922
800028
800050
800052
800109
800113
800120
800236
800496
800593
800648
800652
800801
800837
800872
800990
801082
801127
801187
801191
801430
801514
801894
801914
802323
803002
803035
803203
803358
803379
803467
803511
803547
803630
803638
803669
803671
803712
804027
804185
804188
804343
804491
804525
804583
804679
804681
804869
804976
805174
805295
805349
805426
805469
805498
805548
805827
805863
805957
805958
805991
805992
806348
806395
806411
806411
806415
806604
806703
806738
807008
807010
807228
807398
807546
807609
807636
807830
807921
808034
808593
808649
808856
808894
809291
809342
809405
809409
809476
809549
809788
809956
810076
810122
810188
810409
810573
810615
810635
810721
810761
811210
811379
811449
811565
811796
811867
812075
812166
812235
812325
812376
812410
812448
812709
812794
812964
812988
813143
813254
813260
813405
813576
813606
813743
813898
813910
813967
814016
814032
814093
814120
814124
814186
814193
814205
814318
814381
814592
814629
814829
815177
815230
815365
815522
815541
815699
815753
816083
816124
816144
816184
816198
816664
816684
816773
816911
816960
817153
817235
817284
817381
817401
817681
817711
817759
817774
817877
817878
817939
818328
818371
818428
818490
818532
818575
818713
818887
819139
819441
819445
819507
819714
819783
819784
819917
820079
820086
820553
820557
820662
820725
820740
820800
820980
821065
821243
821252
821686
821814
821817
821833
821913
821967
822002
822158
822177
822258
822316
822349
822411
822596
822647
822703
822705
822859
823005
823046
823168
823187
823338
823431
823442
823481
823510
823582
823704
823910
823953
824043
824057
824200
824204
824376
824602
824661
824729
824803
825003
825010
825047
825068
825070
825074
825143
825302
825560
825594
825599
825632
825780
826036
826095
826272
826380
826476
826575
826988
827068
827199
827245
827274
827293
827475
827580
827709
827758
827851
827859
828162
828285
828479
828487
828586
828777
829135
829139
829266
829367
829417
829550
829602
829782
829806
829812
829939
830071
830076
830249
830297
830451
830506
830617
830645
830823
830839
831024
831168
831202
831355
831466
831475
831483
831494
831495
831624
831630
831793
831955
832029
832050
832113
832175
832193
832195
832219
832399
832485
832901
833052
833063
833069
833095
833214
833384
833423
833469
833476
833710
833727
833736
833769
833771
833795
833816
834071
834090
834185
834195
834254
834259
834329
834350
834451
834626
834649
834672
834698
834712
834717
834833
834916
835123
835269
835270
835272
835441
835573
835848
835893
835996
836086
836296
836299
836303
836454
836457
836599
836665
836680
836795
836815
836843
836878
836900
837062
837147
837207
837365
837386
837604
837659
837745
837769
837779
837915
837940
838017
838887
838961
839249
839267
839309
839309
839619
839796
839804
839945
840023
840236
840331
840486
840668
840704
840717
840723
840814
840895
840916
840959
841136
841163
841337
841367
841752
841791
841972
842185
842405
842421
842479
842535
842734
842753
843046
843063
843081
843090
843352
843496
843684
843696
843820
843843
843986
844290
844331
844382
844392
844431
844484
844553
844757
844819
844852
844923
844933
844938
845010
845076
845228
845294
845339
845345
845430
845459
845469
845612
845968
846067
846081
846158
846263
846272
846752
846980
846983
847009
847051
847105
847205
847521
847713
847786
847898
847942
847957
848035
848099
848188
848234
848322
848442
848485
848516
848676
848868
849056
849474
849619
849636
849660
849789
849972
850008
850028
850361
850578
850588
850646
850725
850733
850798
850833
850834
851039
851077
851240
851383
851395
851463
851505
851508
851749
851971
851990
852035
852042
852055
852213
852334
852465
852474
852615
852687
852882
852887
852922
853055
853093
853197
853246
853444
853474
853534
853636
853663
853758
853796
854037
854124
854249
854554
854576
854579
854855
854877
855168
855171
855216
855410
855418
855419
855529
855606
855664
855685
855817
855825
855942
856017
856086
856094
856181
856255
856297
856313
856329
856369
856433
856520
856580
856621
856703
856788
856799
857157
857208
857234
857239
857332
857488
857539
857550
857575
857585
857627
857704
857826
857848
857920
857945
857953
858287
858304
858349
858395
858414
858458
858487
858500
858525
858536
858666
858785
858854
858945
859088
859116
859155
859164
859259
859276
859591
859730
859880
859945
860371
860484
860763
860952
860977
861013
861124
861256
861266
861283
861363
861385
861534
861637
862045
862182
862228
862346
862667
862676
862702
862821
862922
863056
863144
863283
863492
863558
863613
863627
863721
863731
863874
863952
864111
864133
864388
864389
864564
864648
864704
864863
865058
865352
865377
865520
865533
865718
865779
865796
865812
865851
865861
865987
866001
866032
866104
866105
866300
866374
866375
866708
866724
866831
866842
866904
866934
867663
867843
868142
868164
868333
868365
868402
868712
868758
868828
868904
868958
868997
869091
869152
869185
869201
869282
869299
869304
869309
869387
869419
869463
869475
869525
869733
869765
869778
870013
870083
870130
870199
870378
870525
870538
870567
870626
870800
870901
870915
871072
871189
871332
871363
871429
871572
871869
871877
871896
872345
872518
872573
872579
872677
872705
872815
872872
872911
873079
873140
873364
873393
873496
873621
873674
873750
873775
873834
873855
873924
873965
874044
874162
874169
874179
874328
874364
874368
874389
874392
874741
874763
874833
874859
874911
874921
875048
875090
875118
875120
875244
875337
875427
875456
875484
875775
875810
875997
876380
876702
876764
876875
876924
877181
877211
877284
877430
877567
877582
877796
877945
877977
878125
878277
878330
878355
878489
878725
878853
878878
878886
878942
879103
879170
879248
879623
879748
879843
879884
879919
879923
880054
880105
880130
880134
880531
880674
880686
880727
880733
880971
881086
881142
881143
881199
881213
881219
881252
881403
881414
881544
881553
881583
881626
881900
881994
882000
882303
882338
882493
882570
882626
882691
882761
882895
882910
883203
883508
883600
883660
883767
883796
883842
883915
884095
884143
884149
884336
884352
884450
884523
884717
884750
884895
885005
885057
885093
885359
885383
885440
885624
885655
885680
885727
885815
885966
886007
886049
886378
886449
886485
886753
886820
887060
887144
887153
887307
887322
887488
887549
887626
887695
887828
888167
888186
888367
888441
888772
888813
888921
888969
889246
889276
889304
889313
889330
889597
889602
889900
889925
890038
890076
890336
890355
890739
890780
890833
890852
890957
891229
891375
892032
892040
892105
892156
892388
892445
892634
892797
892948
892967
893143
893343
893520
893568
893614
893735
894495
894516
894573
894573
894817
894887
894930
894970
894999
895062
895081
895110
895372
895500
895548
895597
895696
895735
895983
896078
896133
896267
896277
896309
896321
896410
896540
896698
896840
897043
897138
897220
897287
897513
897605
897673
897738
897855
897977
897989
898093
898152
898346
898677
898694
898714
898805
898965
899005
899012
899271
899371
899443
899599
899711
899950
900092
900435
900644
900672
900702
900760
900829
900998
901074
901368
901673
901729
901738
901745
901775
901777
901861
901890
901976
902098
902265
902426
902512
902654
902690
902835
903130
903259
903308
903356
903551
903591
903675
903810
903909
904022
904056
904116
904123
904156
904295
904623
904657
904696
904770
905023
905124
905133
905243
905316
905348
905399
905457
905525
905779
906071
906152
906212
906496
906724
906978
907226
907242
907352
907450
907499
907597
907740
908187
908263
908506
908519
908531
908549
908569
908579
908639
908753
908786
908808
908956
909141
909185
909236
909271
909287
909289
909329
909369
909750
909773
909817
909861
909929
909944
910071
910089
910095
910133
910188
910528
910602
910618
910645
910932
910939
910962
910997
910998
911152
911239
911401
911436
911439
911566
911615
911682
911821
912044
912045
912208
912231
912308
912321
912362
912429
912430
912636
912658
912744
912912
912988
913240
913347
913405
913732
914084
914100
914153
914379
914395
914490
914645
914894
915147
915425
915567
915686
915717
915789
915958
916025
916133
916294
916406
916486
916488
916804
916953
916962
916963
916988
917289
917476
917483
917659
917701
917752
918047
918054
918110
918119
918141
918191
918274
918317
918360
918367
918477
918564
918635
918658
918731
918900
918902
918951
918985
919172
919221
919608
920069
920134
920291
920296
920347
920357
920389
920523
920609
920711
920888
921182
921454
921680
921683
921786
921804
922028
922076
922107
922121
922150
922166
922262
922267
922309
922321
922353
922496
922682
922687
922694
922775
922831
922907
923324
923347
923439
923585
923737
923739
923739
923789
923841
923854
923904
923908
923941
923951
924040
924068
924380
924514
924529
924761
924825
924857
924881
925058
925063
925127
925158
925280
925584
925899
926063
926218
926236
926391
926439
926450
926579
926629
926751
926786
926848
926906
926906
926992
927007
927058
927419
927449
927477
927649
927719
927852
927924
928134
928136
928430
928507
928604
928679
928755
928875
928886
929039
929412
929613
929699
929964
930011
930261
930522
930629
930684
930712
930714
930872
930954
931113
931159
931278
931369
931571
931671
931684
931803
931807
931825
931962
932041
932205
932267
932380
932444
932455
932482
932501
932590
932791
932883
932885
933016
933063
933277
933353
933389
933416
933609
933639
933694
933719
933735
933950
933969
934099
934160
934176
934222
934283
934382
934627
934682
934699
934975
935137
935234
935409
935463
935471
935608
935672
935680
935722
935734
936112
936211
936352
936379
936386
936403
936458
936550
936604
936679
936827
936841
937033
937035
937250
937298
937334
937385
937449
937593
937602
937646
937715
937835
937966
938025
938062
938090
938181
938288
938341
938356
938394
938408
938561
938762
938853
938854
938886
939022
939121
939296
939337
939452
939468
939546
939753
939863
939998
940009
940048
940052
940132
940208
940221
940230
940329
940389
940423
940495
940507
940519
940556
940629
940642
940665
940915
941177
941230
941286
941415
941462
941559
941570
941622
941777
941785
941929
941985
942074
942117
942182
942187
942451
942470
942757
942772
943068
943085
943400
943618
943722
943821
943842
944346
944402
944419
944499
944525
944535
944576
944747
944824
944853
944921
944942
944985
945184
945236
945358
945474
945757
945900
945933
946197
946258
946297
946430
946596
946628
946884
947073
947182
947200
947361
947409
947595
947844
947845
947930
948048
948083
948203
948444
948481
948672
948725
948804
949030
949319
949321
949384
949559
949709
949795
949948
950202
950242
950300
950776
950798
950876
950898
951086
951090
951143
951184
951239
951294
951365
951398
951410
951626
951679
951786
951852
952238
952415
952500
952671
952769
952857
952867
953114
953286
953493
953708
953718
953859
953959
954096
954137
954187
954205
954378
954433
954464
954494
954899
954965
955038
955056
955267
955275
955633
955678
955994
956046
956149
956375
956440
956585
956586
956609
956874
957009
957230
957236
957249
957270
957301
957365
957373
957384
957471
957699
957833
957962
958152
958197
958251
958260
958463
958592
958603
958688
958763
958835
958842
958862
958880
958901
958996
959094
959225
959338
959444
959659
959758
959921
959950
960106
960312
960461
960470
960524
960550
960624
960736
960757
960902
960929
961072
961217
961398
961471
961501
961698
961822
962020
962146
962187
962209
962308
962448
962449
962498
962518
962768
962873
962952
962968
962988
963093
963226
963267
963300
963385
963721
964052
964256
964316
964362
964468
964476
964627
964658
964775
965002
965041
965051
965113
965119
965144
965175
965228
965376
965399
965452
965491
965505
965508
965549
965651
965906
965948
965955
966127
966160
966221
966289
966355
966493
966560
966683
966857
966933
966963
967026
967042
967062
967072
967244
967487
967563
967604
967849
968054
968096
968370
968386
968443
968502
968902
968956
969065
969088
969181
969185
969260
969380
969491
969622
969629
969821
969889
969950
970020
970130
970192
970248
970255
970312
970401
970505
970614
970853
971085
971092
971235
971274
971393
971458
971493
971581
971688
971805
971840
972278
972380
972395
972468
972638
972653
972656
972689
972690
972758
972798
972815
972958
973033
973194
973405
973439
973519
973601
973723
973857
973866
973905
973916
973942
973993
974008
974032
974055
974060
974139
974307
974341
974466
974622
974632
974668
974728
974864
974891
974909
974918
974974
974995
975007
975021
975048
975198
975272
975332
975386
975474
975846
976175
976279
976556
976562
976910
977015
977102
977154
977179
977370
977392
977540
977616
977674
978001
978106
978131
978152
978165
978230
978236
978301
978410
978718
978718
978818
978834
978845
978917
978995
979009
979156
979156
979468
979472
979500
979745
979860
979884
979985
980140
980210
980361
980413
980460
980535
980593
980669
980764
980771
980810
980917
981173
981237
981257
981300
981332
981437
981522
981526
981543
981601
981690
981706
981737
981826
981926
982109
982128
982201
982235
982272
982319
982323
982347
982430
982512
982667
982674
982842
982900
982906
983139
983255
983308
983377
983394
983661
983946
984012
984077
984125
984390
984404
984471
984547
984585
984672
984803
984855
984858
985256
985618
985765
985797
985809
985818
985839
985839
985867
986074
986094
986333
986465
986786
986805
986824
986891
986901
986994
987111
987158
987298
987485
987981
987995
988002
988084
988109
988128
988271
988399
988488
988552
988832
988891
988969
988979
989071
989165
989192
989529
989705
989757
989775
989827
989949
989973
990038
990070
990073
990080
990125
990166
990212
990579
990609
990788
990847
991217
991298
991448
991458
991492
991598
991641
992029
992034
992039
992049
992101
992259
992329
992484
992556
992649
992893
992954
993030
993072
993074
993208
993267
993268
993319
993434
993695
993715
993718
993728
993905
993926
994054
994056
994057
994197
994226
994230
994294
994296
994317
994378
994780
994802
994822
994953
994991
995004
995012
995070
995132
995201
995288
995314
995431
995456
995518
995542
995599
996114
996127
996180
996457
996823
996852
996905
996906
997050
997113
997131
997178
997509
997519
997620
997679
997782
997788
997833
997995
998117
998138
998159
998224
998225
998240
998272
998282
998336
998585
998705
998707
998781
998818
998829
998905
999003
999020
999087
999257
999290
999470
999984
