166599
23738
698105
41497
168309
821065
959338
635580
562882
598335
363376
789167
176225
714622
58303
268519
273780
5497
274942
240706
932455
850798
116520
80219
25811
795354
877284
140633
49321
869525
714393
300524
621833
755550
533194
147768
768678
936827
242282
77923
741988
385761
524311
419597
207759
629273
93854
788079
590079
745581
250271
274296
410845
825599
764
460939
255024
916025
595623
413091
758157
826575
626848
571746
463717
216809
349110
596127
297408
375069
137042
662803
431901
577413
770912
697868
415532
613686
119452
869185
690239
313762
969821
965399
506823
359279
931571
720062
18960
499862
517686
877567
995288
418691
490207
692683
800050
65508
407754
467240
441131
127794
89020
907450
156771
524470
992484
904056
157022
189864
744962
94811
671591
968902
866708
4981
142388
896309
731409
85740
747796
34931
834195
709146
709461
434753
703749
637801
455640
594566
534688
172285
771745
158013
685225
702190
997782
35806
457698
180213
29373
445741
736779
303785
231113
542991
306146
232822
279610
617529
119048
668698
777099
909369
594893
147116
124529
679093
781102
280215
140136
696738
494981
467335
637887
662309
395387
975198
552811
932205
118010
51907
213726
52274
846067
835573
113148
291125
1094
697192
481906
601189
403643
853246
212111
201955
331181
102637
403131
220151
799040
94820
252888
923439
825780
128830
977392
648622
858349
865533
472639
940208
683655
718789
933609
179593
413442
586535
949709
527369
272371
73092
723763
96643
590522
653705
850834
180031
449347
331117
957373
447302
749127
512413
426340
449654
171546
896321
146637
545170
967487
58077
795491
404340
155015
719327
751037
928507
257026
429667
452091
215402
958592
882570
978236
366559
202980
287770
954965
879248
662751
219487
979985
573853
855817
649468
333455
441326
159589
491757
268420
174887
977370
345091
335795
532151
27065
745424
778523
909185
886753
632294
805426
145636
23311
181644
814381
988891
567815
53826
624223
425562
998905
937449
289912
259393
162590
821252
432650
280214
743011
971805
22462
237803
648683
981522
874364
399534
603410
384592
327836
83731
609306
600382
340130
814629
215761
529630
540065
791298
222767
556575
653441
520380
12815
627133
227064
657186
506048
257070
656006
385472
105657
706209
867663
254560
612653
649047
11037
322703
545286
874833
724594
746670
126758
362122
833384
869282
65078
742753
549570
72473
227425
424759
620028
801082
684633
722173
675684
95069
889925
268624
228305
87236
355090
380685
123824
525147
707236
258206
821243
467922
909750
408191
508180
183667
271812
609633
801430
73610
317538
745185
908786
664651
974622
660982
136894
238227
717668
731137
846983
423690
491910
49764
762273
693813
32874
562129
303864
218178
259173
614882
66073
897043
409410
751616
577424
714123
103892
994822
811565
127974
646123
963267
301464
382761
826988
616450
573620
934627
182040
632444
548208
794048
711968
796225
469985
576628
580796
814120
186266
340462
442703
432254
224322
608273
960106
79749
422599
425024
936403
327556
954187
584603
282653
408833
981437
199868
180581
420197
538221
543170
190220
217577
56037
518047
539862
605054
308752
94025
282105
914379
89538
368248
374690
318072
944942
575229
316825
543450
925063
817774
740850
166568
151025
238489
759769
194523
246425
950798
740561
981737
535016
830076
407329
281004
722422
55795
925280
723283
670624
958688
862346
979472
73704
926848
355779
895597
792414
21332
696458
465
836680
892634
546304
718621
175225
84329
102137
133747
565021
824602
926992
599180
940507
273911
168976
719000
501181
986074
13447
636715
699034
752889
890957
631479
629351
155703
966127
296853
870525
918902
48226
308914
502669
840023
729489
472769
981332
862045
363210
639882
682949
397982
909141
557020
228500
232044
75936
230298
45059
523810
553069
50488
789488
727018
960312
636208
834350
923904
537365
941286
601654
460324
245315
61133
921786
12578
936211
447375
113740
583546
529983
207834
237009
933277
179027
600186
282428
742891
649160
911821
522410
864704
893568
900644
759921
140871
701314
15780
40683
723101
315598
175975
816083
935409
505773
328147
308470
68743
300029
315529
549895
429074
435833
115916
923737
603645
362177
314236
25310
387506
818371
868712
615400
881626
694388
218894
934176
927419
287784
292462
94872
98494
31074
691518
314061
563215
219928
762275
586630
272206
394619
559845
69680
192359
535721
990125
468001
318947
935463
431305
602421
91639
775510
434346
601838
420510
793683
698497
363632
423242
578071
20339
95184
419786
865796
514551
179724
432828
573937
924825
974008
605568
507005
11619
903356
234094
340310
145868
250227
684206
922121
853474
969491
916804
511275
722521
851395
408975
323354
387056
938854
316773
110890
101008
684377
637259
290803
28001
973723
539810
593835
233941
786455
695048
881403
20741
488738
986994
71649
139783
389213
220733
167518
162946
389582
517438
130045
488590
989165
165996
419840
735953
205791
163410
650982
677744
859088
773706
562921
716109
520818
879923
833069
854554
99401
472320
96590
715399
711804
50582
863558
329500
682172
997519
587010
753603
122170
540784
182405
536096
173617
314533
167972
769473
970401
769694
479818
625426
734870
859880
804681
286480
878125
116799
877582
44589
76724
888921
263885
303186
425823
624889
661098
454820
113726
287101
668138
219888
138813
267837
70065
187994
467049
575973
848099
952415
439692
381322
617786
542462
320725
284345
617116
463843
969622
255077
878725
298567
105936
558403
709056
157968
512304
983661
484510
307947
154599
326342
827068
551815
820800
662976
894887
960736
961501
810721
590879
576495
101327
625050
432810
96920
774801
750954
356531
881219
643570
212119
296321
505053
750853
912208
475960
784305
8886
161788
152400
171866
231242
862228
343152
711347
875048
479281
834259
374770
114654
279369
379166
289580
772642
400452
502607
626289
559298
274800
83240
773503
434807
799182
429169
908753
448182
176790
63340
937250
808034
935471
970255
446474
599152
974728
75240
903259
57000
947200
707885
33550
506915
146972
700160
109062
337938
587958
619532
752378
159155
941570
931803
217500
211428
865352
393200
283508
345784
874044
176368
645178
751525
646357
455333
316528
400578
389626
311103
939546
800593
140267
149855
938762
83426
915686
662591
417945
341803
193058
606922
346387
501125
236460
321431
558464
506306
193840
535106
930522
228189
82401
550642
822705
478121
746012
381252
945933
576862
887322
747803
570937
489256
615797
200961
356563
765386
751571
921680
309452
503516
256460
700314
213931
6333
961398
645919
773899
299219
938181
805827
940052
282078
422717
156191
322611
726699
239209
425828
312895
153980
621626
262670
735855
440933
172684
750955
456872
918951
842734
35576
345134
116042
20339
843090
177567
690364
744776
974668
747942
312402
211719
473594
645734
357451
636248
253652
953959
876380
272056
633874
634247
457760
528746
774647
816960
303397
772936
440052
282574
133729
309182
595061
665031
289129
815522
556665
319595
470558
509761
494481
711801
68878
954899
301894
475894
432414
639079
329744
171851
904295
303859
828487
849474
811210
498876
27187
680856
408184
228406
392148
261828
621520
665270
775147
485179
904123
178344
580680
352628
755422
58270
130638
368762
355088
405787
77433
313111
195851
86813
442464
595210
591182
410580
419967
363201
645689
695279
823582
307924
17659
378203
132443
10106
114630
587657
176202
147712
356843
969260
151075
669460
554639
207251
975021
52530
836665
374945
452446
850833
48223
906724
224174
435617
384650
140370
335555
694129
187565
159013
203139
463002
672888
463086
804976
367115
432321
800837
872872
617660
927719
598001
974341
748009
387727
355059
936841
493290
583902
946884
503467
778395
843046
994780
143896
988084
96293
213768
880686
854124
369180
726834
39503
895062
263762
656202
729745
531654
18938
126396
151570
274390
216421
120419
995201
177452
204744
158033
788145
235089
128850
526461
860484
81465
101636
82185
332822
53863
64251
518016
815753
745155
31020
718332
974995
279184
670113
21461
945184
483374
886485
759835
940329
93116
706629
880130
693961
336158
735591
991217
520293
267134
251167
159608
486255
126339
341474
768242
759837
727841
297204
983377
24816
285650
419816
402239
268510
109405
588683
159442
405015
133070
657426
747639
370970
755624
736795
661952
873364
416399
958835
177189
600017
978131
222569
322903
711160
47158
737606
856255
586528
966560
389620
145334
608563
971085
966493
973601
326830
918635
991598
58216
175330
747258
314492
215524
172854
372991
318212
675468
492779
361423
661351
132768
133239
407325
189937
988832
58610
978818
691077
334833
298199
369649
532896
420646
44956
493239
479090
985839
141316
505642
699949
827859
843684
434477
59278
371988
57131
702840
261668
906212
760183
462541
884149
681973
24386
567172
555744
118057
687208
485195
400887
678087
734609
10998
631462
386970
664971
755930
162957
77323
375126
24827
807636
90298
428962
618322
161119
953718
227561
377255
872573
619197
3259
354387
702788
724995
427888
532024
690118
908808
779326
933735
605773
909944
24291
212083
127532
354189
779839
602663
731607
62563
486062
43476
139456
835441
516055
1261
450665
133647
413338
330212
266779
489765
938356
941985
870538
625983
294554
799040
984585
426864
265874
306787
470528
323189
951398
349837
837659
754450
15933
460945
699845
83642
6810
857539
931278
568442
299112
469940
742683
372526
203097
989973
818887
188320
746081
38921
954205
815230
569611
66
21634
582342
352620
40711
372585
618472
624256
974891
985839
525596
389641
77804
88745
847786
988002
539856
803712
997833
549026
797257
91735
129031
63058
76553
361666
543164
915958
698028
151558
334853
196424
787818
624540
416154
980764
918658
35166
259510
946596
644040
832901
484322
725491
345563
558359
613494
851508
326025
484527
904116
461055
267133
905124
294929
827851
481290
810635
999087
91725
643275
918900
561279
644304
98853
109402
712456
93268
119816
631908
11844
424301
78172
947073
308432
992259
725480
922028
671303
515074
704243
766625
141661
262829
83780
715916
40578
90003
81294
166438
288901
703319
792913
265603
103125
277855
359040
812709
552508
79179
336165
705769
826095
840895
464258
282989
750250
395774
238478
173183
785267
99140
54412
103226
318754
967849
603723
556935
341297
713129
118354
704297
444223
434968
218474
303452
359612
121026
526116
224944
72327
24475
606078
895081
615092
500645
418027
885680
537060
307230
546791
119936
277880
169040
472688
376337
823910
743485
34901
968054
84434
46986
608970
702250
717852
978410
923739
849636
405612
883915
598152
147142
850725
877181
596869
223932
868758
749577
15192
155334
180986
327172
457574
515011
750578
920296
753038
515898
386055
271528
578173
271761
982109
327029
163311
852055
88740
439705
500765
230797
447830
30242
73147
432457
918054
635691
418687
930011
779873
231744
397070
857627
937835
742102
98503
28693
892388
259240
654212
922262
699627
77496
755535
538460
964658
13140
274178
1113
4899
124842
436185
356153
521855
856580
213551
772337
467748
60443
470467
781265
807228
156133
737808
738717
571973
379325
72745
89400
942451
504007
800648
583746
487066
82447
217472
677830
795137
567931
598448
418348
88664
799021
599346
417837
689831
626320
635553
64591
512082
238923
773399
238742
373181
907597
102814
799922
965119
38191
147600
293324
227909
86517
318362
372909
46270
222266
674752
219882
441623
719448
575110
45099
934682
142130
742631
141258
447985
669724
349146
327785
717909
681631
300746
998585
573421
477530
13393
536072
228033
641840
169804
232196
819507
479630
280156
863731
322711
649806
364612
196400
228448
717857
540340
264537
1314
660872
993268
129815
613419
195744
782671
585057
906071
622738
98785
618660
976556
249640
927852
765948
84652
424235
756745
460321
83346
531709
926450
494212
595920
586690
357355
530701
963093
620212
482792
289184
691587
301952
296298
725787
538413
923324
957009
878489
665957
46461
692167
290595
236971
753668
164652
526486
760421
690718
377255
371721
712036
449692
159395
686111
752754
252848
23259
342368
168192
350855
556717
892032
443264
168621
783107
769659
548348
976175
337490
506944
352603
72405
315632
902835
850588
984404
160517
175597
743886
113656
454245
123950
810076
845294
571891
254462
317377
75354
328247
40156
344157
31579
120438
600049
320183
132473
483606
244092
910089
147868
594664
633320
184103
527741
560772
729338
909289
659345
848442
276818
339758
962952
461403
909236
566935
627611
607429
240079
514695
754739
56700
749185
29281
834916
603638
835270
489390
812410
534325
528085
120421
488056
809788
148885
221590
856520
546678
975048
543319
265777
843081
185540
654617
335008
787421
385917
444191
966683
689972
38454
419597
49841
890336
309241
824661
107759
445414
832399
675385
540061
770859
494054
944525
453875
414043
683476
930714
585879
563024
798878
78535
329351
66290
898714
950242
426543
382429
159145
449156
710083
665591
716587
871896
588252
914645
476832
604819
894495
113556
868997
333671
833736
163788
536553
941929
72468
676819
576481
138605
751142
644676
74420
676510
905133
684900
353294
841367
845612
968502
921454
737316
9953
825003
411154
505510
910528
49731
916963
743463
369239
661015
502189
974864
988488
259566
388474
248061
977015
331879
832193
725785
781614
30775
143151
920069
804525
972468
572800
714866
972380
200550
564110
694338
754777
244905
545830
366862
841337
795595
785029
493752
30404
247263
60562
611088
702828
90209
472630
775282
434042
359422
351574
725942
847105
841972
141712
106020
589500
662293
827293
424117
132350
321587
142902
303181
351026
655658
69288
998272
517860
106859
347699
10596
591526
466098
536457
879843
126442
611369
489880
454295
213899
501515
380115
660914
495981
760463
193026
539768
834626
217849
881213
81245
490917
986465
852213
786959
44963
444764
287368
445030
425232
501163
445056
126501
221383
732165
519938
653207
484927
576453
455262
77259
526363
88461
157020
883660
472038
861124
679363
197473
409052
836303
7462
901861
479310
375610
218822
786097
359661
340139
740208
104331
217668
986901
718824
472741
146888
922076
373892
15166
759040
978301
136323
64654
930261
707060
159702
910618
775950
635161
172781
270723
590069
470165
833795
88481
895372
430209
71847
468959
315583
613981
901738
239695
632898
439755
125826
234989
747769
828285
531083
789461
896698
202006
328631
107671
647740
974060
592138
543219
469814
243108
24476
585088
882910
303281
977102
756484
855216
51206
105095
475220
400376
47162
71176
291524
346148
72471
307752
892105
747574
213181
70090
438892
973405
291409
830645
237768
360609
577299
859164
214948
920347
220962
550173
98791
815541
19204
98992
186926
235747
990609
531423
90422
100580
602147
396744
591533
235749
935734
938288
281350
984390
359778
617332
337832
882303
577072
226509
362871
57645
739729
881086
283123
621316
322346
905525
354549
366488
716235
934975
124907
414913
271382
427082
296391
864564
286607
317743
630251
211753
703354
318891
167453
124029
530057
608759
774422
992049
747566
179608
417362
462192
603702
534081
600830
870378
297968
42463
37134
345879
316781
478879
435969
154150
823510
267051
572419
3440
159539
767593
515166
188439
466063
189839
536542
836878
516116
191674
919172
260223
980460
509608
8397
534256
760515
492703
869419
850646
627794
710587
381326
309412
998138
782581
684996
75136
19537
608186
147139
417553
431960
500995
869201
117583
574256
82464
513883
715597
437841
129781
884095
942187
149816
441840
639847
435829
612118
251430
421436
962988
505213
345894
561770
867843
101190
716489
466946
346147
960550
984547
971092
43040
116515
226103
646589
848868
478954
335456
554771
704662
825010
680956
103125
786596
551204
541681
913240
624528
693268
34219
617645
878878
245452
568221
402471
85746
434591
395888
443467
357408
825070
997509
998829
391781
629016
738448
464970
923854
944824
400603
783772
447395
579628
223557
942117
295114
758924
694108
330849
846272
354314
165664
364398
354179
952671
21144
553668
445642
454215
579682
621969
626386
147098
842753
991448
685006
697458
487375
454625
325109
30024
642034
967026
577122
518456
727115
764897
831355
458672
453086
741147
445593
724868
951365
154862
855418
916486
844852
422934
655737
374150
326925
551402
184176
400207
160824
931113
567386
949319
506328
421327
612667
287890
431282
97576
334851
559880
526155
462890
153328
219617
794869
794407
962020
55640
554692
152349
77501
60593
289095
362935
576000
204909
388530
470382
688404
155935
800872
769731
716553
591970
253883
850008
537618
74984
418594
99109
386717
724503
614135
390453
400939
780376
158911
449772
260763
853197
315006
78495
12101
307317
786044
784536
611542
727922
332559
203720
554917
554921
785513
334766
242475
711725
858500
24576
870626
425864
442662
3647
11884
940629
864133
958463
329421
489643
835123
118306
670087
526588
9551
373946
855419
962518
866104
612898
382874
638072
424791
474254
23960
992649
458674
952857
389206
650043
830823
779480
359107
79014
352773
376236
194995
233371
563802
540645
846158
828162
820553
903591
926906
256005
71822
663653
697497
656308
877977
871869
137889
542694
271215
519299
413133
868958
873924
315538
260742
585428
51573
883203
509601
581760
952769
848234
340353
26569
975332
873140
28057
755914
482777
955267
433184
868333
426612
972758
307863
140091
72083
758586
463537
180469
492972
875810
885815
275955
219522
944853
784639
296916
219016
786203
845469
282414
385660
798037
726386
334190
915717
509084
302288
420076
263067
930872
310096
298923
973866
151738
847713
200969
217909
853534
641130
644583
782461
410197
749041
351090
377615
768688
454154
348020
236944
221377
974632
543341
196637
346936
293568
116227
374146
435946
281048
190755
370488
314111
456525
561087
856086
456569
259222
67605
751773
174174
321260
280015
359305
82943
314005
410576
840668
159621
326029
601763
920609
983308
181952
156545
544109
64782
873674
355587
729667
979884
683117
184148
541880
467745
422427
50281
734894
871072
263938
389969
727070
45109
148283
752144
985618
92683
198567
384311
269567
105742
583766
940230
598826
839267
208727
150583
269073
991458
417314
601830
234880
663146
57404
165802
911152
359843
792143
874921
810188
840959
324813
674821
360788
887144
741134
125739
953708
362522
12293
576044
148554
235629
486738
753638
39319
5164
268864
506395
44992
638716
412767
691119
275477
576152
748903
94823
228501
354058
350916
760087
188898
654884
212510
336932
341588
195248
648581
66362
7887
825143
926236
572685
222219
761294
643811
177131
49631
181996
39649
465390
142342
722932
799352
303713
965041
712032
396478
428697
856799
320672
157421
540687
757170
354280
944747
48788
885005
385658
424142
567294
762937
466491
642679
545453
961217
347209
463099
690707
289683
477034
557801
410206
286751
853796
541164
264544
931807
248197
479397
976279
27659
973519
836795
69318
317479
214056
474963
742576
657207
243924
582214
905316
273880
525737
215631
30539
225242
336130
318926
923941
834712
151121
893520
69530
493080
691787
307857
836815
475536
672079
901890
825074
420263
993905
186956
773474
607256
557040
127890
419585
98173
540216
572655
671800
511969
130319
299941
946258
664229
797378
396254
411870
386135
792347
273985
508313
759829
508157
447655
666566
854579
833052
58809
935672
993728
926629
430133
502770
942470
167361
931684
392551
99728
697405
281499
955633
369392
283053
258064
385491
278971
811379
528228
80527
150782
524143
344205
908956
995599
500286
481941
488976
832485
59194
655276
840486
486554
816684
599937
445158
661134
558426
858666
55763
776208
993434
268650
654295
881142
119529
203925
997178
272610
678960
400924
632639
48950
64619
649751
466818
218125
897977
363508
847205
289549
453286
513053
208258
616898
297264
974055
4426
569009
321492
210772
287180
826380
124785
215614
679290
740425
213949
21036
650185
85266
327839
993695
4375
94925
900672
362980
627270
149574
854877
715616
873393
651765
781266
409709
145205
329956
475730
823338
290745
250094
794771
265301
138818
265114
969889
836457
308876
411249
630066
659582
785869
303654
760104
735815
374251
898677
302832
81018
354121
409699
51234
5845
485730
599875
212529
642576
943722
527963
352547
943085
365239
47101
196713
983394
413883
303748
715800
37648
776384
821833
941415
364256
74949
719427
228762
1701
872815
218479
996114
297252
887549
297545
299902
704903
1239
662419
932885
621645
96465
843496
888186
997995
17765
723393
875118
417806
670347
264645
858287
582879
755596
142182
772886
345205
291190
610130
775848
273857
718793
860952
678068
305916
300140
375074
529152
287743
272602
576199
35871
239552
851463
201870
926579
513657
845228
804491
499975
265981
338364
438485
555574
393402
250462
708616
217515
822158
161714
382839
929412
985818
229152
594070
42040
594624
124208
787691
936679
342219
710414
835272
78145
276494
903810
18267
782563
660358
595587
707115
585097
398404
19973
440221
125296
949030
824729
697847
250281
293258
767198
934382
827758
726124
592494
600179
676757
965002
234098
314067
442450
82915
803669
336910
515455
519316
308732
125046
248943
791832
68121
978718
554781
298774
561128
405903
619370
595183
500580
565124
695179
286058
263642
884523
629990
800236
262381
496038
835996
530646
480196
448811
828479
427083
615809
443448
687852
31146
90411
869299
24756
744568
808649
365967
84378
175842
200802
838961
779300
438234
770420
659480
241137
938886
602698
379721
86211
46196
148854
833423
154328
556046
496421
901976
473691
101608
82766
138203
598247
150841
222619
199925
794821
603161
264759
138843
784924
113734
792009
437785
149959
862667
525821
843843
39130
80843
329553
914100
530626
550052
7446
488041
922907
861013
494860
308815
896078
700110
773208
665341
849660
409177
396257
922831
581913
956440
703296
670496
840236
601466
347145
871332
429681
364758
660107
950300
890076
474576
327221
693483
19452
373440
383536
148531
663498
404384
592467
372917
326984
866001
789190
58951
156741
141472
562809
132019
747666
341193
634793
589419
71485
433691
91723
544048
473538
399067
574683
360267
377886
778898
922775
206045
464488
173197
389784
762133
622944
801514
490001
963300
969950
801187
62765
218421
562528
339135
817235
213266
771126
286615
918317
518128
562243
505927
981543
218609
210311
246662
390034
281834
471889
231313
365692
17075
251399
266761
449675
334296
154681
809405
940642
208519
106600
473556
939753
79532
656639
719900
671471
712709
870013
765485
493889
389178
491832
260121
423508
758039
788356
330828
295794
325831
513967
76061
68338
546558
966963
742011
819784
517243
404297
763262
695511
132780
626977
792574
257301
498258
137401
279608
255092
937646
322193
941777
425476
660618
246435
402964
771671
73742
27051
557600
91514
303146
527579
203375
606182
568825
184139
346012
956609
150629
442381
232547
875427
259443
865987
781084
606066
750364
465741
245436
782836
186347
457608
568768
150942
162423
663044
294451
8290
190099
146887
480832
696002
465216
683689
946628
680814
957236
951679
882691
780712
206003
50270
526384
721974
159568
508371
485601
287352
293112
527854
868164
995314
733417
639339
405317
718763
49739
417478
336386
513438
874392
464858
964627
531989
418393
559609
723551
450472
33312
111049
546211
651740
314710
920711
233997
603146
265322
720688
530730
315491
351933
724290
53019
486687
601833
722948
603990
440436
995012
410370
713801
824376
70106
892156
363254
965505
653611
878355
565550
38740
545186
466434
154434
524713
788222
463641
44418
798133
145726
486300
605970
588342
38525
569785
525762
152810
598471
326293
755491
191001
248567
71060
965376
310041
365631
502330
734941
706935
79354
501907
159138
73812
62277
622884
865718
622248
125642
387230
509638
205625
965948
999257
600835
544055
577602
862676
704168
643282
174446
998781
817878
644210
803511
360192
777299
179521
521287
659630
932791
20957
391693
951786
771603
725373
822411
789889
812235
817939
585555
195272
945474
598339
198472
461957
153594
714551
735063
647103
620779
443617
264517
417683
44754
338383
552563
955038
536775
67777
33977
467617
856017
360596
10950
989705
645338
20643
898152
377080
894930
399532
912658
422283
616273
160807
419841
559753
118622
418147
516522
469842
327378
126303
613071
248357
58727
251994
935722
668354
124678
297963
832219
608715
997679
636873
691834
55173
834672
327059
476932
177599
912362
427400
345837
833476
169502
768842
154916
676777
20249
11638
966355
726970
971840
267793
745955
405398
815699
976562
519335
274260
932590
681576
910095
432727
537828
399000
566035
783845
276703
204665
609660
612036
457746
406237
707729
783575
825047
978917
249123
46517
503443
155988
837604
506528
150953
117969
51741
440317
287919
583777
830249
75031
957962
411389
943618
573581
64625
485456
680598
722574
855168
149129
855685
451284
575937
41074
178322
7692
970020
308738
845430
158131
434117
939121
988271
430718
495380
805174
295610
992556
175693
395869
486373
733087
524379
497856
203137
735633
794997
940048
53872
254012
217451
387671
377367
20287
994991
5479
153398
989529
46662
550461
559393
458544
778899
986786
504969
760264
34782
477659
136346
399047
599245
893735
735072
354506
456157
344663
17685
705935
410687
503424
900092
744560
123252
100713
926439
836843
314070
525905
864863
960902
821817
411980
832175
241523
417441
25843
760035
432654
52303
360148
720514
643166
761416
295481
864389
754853
958260
811796
644921
910602
411072
818713
574846
136467
256935
609469
391505
215667
153227
525659
506243
77902
696242
176376
515814
82336
294471
35011
789477
863613
156577
29717
539069
4558
715185
840814
417000
903909
775354
409940
539819
899271
815177
797998
510685
577630
156002
186279
522933
217343
461745
282618
18502
228348
215490
903551
631711
126009
542049
623957
163634
675487
587364
752595
583943
277521
662618
945757
943821
874741
834329
624094
416201
595031
115347
897220
162975
754951
827709
924514
262009
368329
121765
482803
359803
872518
526852
821913
599481
351492
857208
298981
113763
355150
699261
419020
511217
575908
38455
667775
462475
888167
534903
125063
89171
549665
270491
692245
853444
446823
240303
878277
370910
379137
630690
27568
145798
898346
724767
549289
857920
76084
948804
590509
229718
366966
775629
270044
708419
513552
219119
992101
875997
24422
556221
637879
558728
812794
115251
971493
992034
198381
599392
812964
805957
535000
590405
183240
63524
529163
181020
816198
101346
677144
30437
255521
534511
165464
857848
289656
458057
892445
691044
305758
758319
984672
550743
827274
880674
155837
855825
916133
581457
818490
362468
870901
312066
245060
169782
682435
781803
13132
433535
577705
865779
662344
350924
98872
988969
377815
29642
52100
814093
291866
402802
7878
241516
397716
96637
279964
555007
401705
469044
533595
164538
27651
649155
258359
162614
215883
429675
411058
142372
936458
911682
166330
477556
394459
965955
157710
698651
426471
863874
625561
667804
74444
979009
484499
570923
459538
139370
4332
535724
152854
589625
957384
442225
677132
934099
430942
923585
706273
433162
610764
57726
844938
483450
224594
443238
656804
206598
305617
652755
805958
310310
955275
294666
23184
491078
639644
743354
205398
621724
988109
625772
820086
3377
92268
368755
745837
315608
682797
895696
872911
967042
633071
13893
402376
276292
156179
178109
686825
520040
988399
228233
433968
829806
865058
597898
819714
680041
990038
389497
57385
884336
537065
538431
286523
747044
969065
580516
373988
162355
701610
476601
879170
707505
814016
160791
992893
501775
118539
550238
159104
462237
932380
567095
477070
494119
766896
681895
686072
697101
479084
241009
813143
315660
10130
794649
152668
140972
353210
305351
723879
713465
300865
734539
814193
658540
596401
942182
70261
171954
969185
909271
31871
141709
990166
671343
353496
786573
426307
666164
173532
310838
416831
12567
231377
157180
956586
26
487295
903675
638701
764225
95865
125797
718949
258392
938853
724945
693935
190933
731306
958862
702525
868904
85460
677797
651369
696335
94363
685190
23698
417005
122930
69159
801191
869309
59358
32227
785397
966857
620031
195610
829812
389825
442008
806703
862922
220878
951086
78203
112472
522638
86566
713720
877211
147044
831168
971393
900760
944985
85176
928755
772301
175997
49043
998224
146750
234593
296386
84353
191334
769250
504651
221496
284368
831024
82227
446700
773512
113931
311634
756460
681072
997113
510852
896540
628053
48865
42988
387748
216520
398558
798667
427723
411470
960461
676530
971581
285413
956046
780685
967604
486615
637369
726768
121775
135846
19473
177815
135725
916953
889313
972638
869765
583340
792173
373052
315584
664693
771562
82168
191088
863144
464871
83434
390205
71217
880134
253644
291034
188051
961822
240612
204352
147150
129828
513184
719381
362714
354808
61013
430142
619474
434439
624351
77459
901775
401653
223841
13198
932444
743779
823046
188519
183162
583921
922682
607045
39573
980810
500616
485585
740555
483008
142430
858395
957301
274944
192895
231924
397466
704095
234210
534237
469996
378412
501778
899371
340072
467423
746032
78877
525032
990212
145187
622597
107277
707741
556336
141018
107752
486436
574684
335756
193467
986094
829939
981257
223444
186763
649110
268862
326252
816144
989757
81062
650229
575497
116053
53975
763958
441434
54151
150956
74296
481665
994197
623724
143915
436180
942757
278958
381361
772616
509995
938025
111140
326983
244480
365156
454004
36067
36083
79757
467991
593812
90862
31730
611827
873834
14816
304967
504458
405553
189777
911439
473271
757830
572605
837779
440488
227648
940915
594828
629905
333485
8051
507813
394660
729342
933639
857239
743598
495489
583096
694270
831475
323746
657963
902098
2704
354237
874179
670694
537798
565301
911436
145484
509940
807010
425856
615180
912308
708229
816124
180614
859155
352234
902512
168636
266516
80470
356733
559356
973194
768503
836599
723101
229478
403726
570957
494077
267797
517989
513899
57319
48351
518123
9919
672370
222571
937385
570724
914395
809549
12791
561882
907499
301893
138735
693306
162234
454717
90514
248644
506437
922687
432915
171743
151962
290344
845010
313643
3322
896133
677149
398254
668248
258492
207239
191036
663259
922309
510299
123230
760465
162002
625872
944402
427477
362371
686810
98339
562489
379896
593359
336934
213628
187
444951
902265
393832
609676
494911
80757
722354
768706
534661
429230
20015
341452
130529
617472
436691
612618
657373
108760
606199
916406
367923
769451
460809
180599
268497
138619
116308
982906
302600
171396
477132
722621
614927
538253
850733
160255
602278
24633
735487
913732
292907
260574
424555
163369
783067
673832
856094
492454
551053
704708
65738
720344
959225
588752
636043
394929
755226
747140
698150
607057
129992
595235
783117
624512
978165
301292
695808
568402
233435
270619
470353
117101
184010
861283
908569
74965
242937
442188
508408
453484
301735
513463
995070
211233
901777
460022
825594
753209
136652
946197
507057
117021
698318
310570
31831
853636
643683
548190
973439
611614
70589
359495
271650
200476
3400
841136
326741
869091
705120
549050
519205
553537
996127
193000
203262
994057
216435
173753
914084
134818
255901
923951
68841
679656
510399
288956
610168
468934
449326
619515
271467
10442
830617
803671
238605
672465
8895
605930
969088
845459
773251
752190
292392
978230
438989
923789
833063
706166
99398
695603
998336
309104
40217
785992
555705
213287
235851
327702
266433
528132
676629
267084
617243
400727
405039
974032
667435
990579
746691
961471
805548
23378
271208
345710
379406
856297
765506
932883
839804
222173
820557
650035
334068
897605
559102
347804
410966
169878
991298
65019
669565
258334
505568
425679
885359
953859
552737
431448
155899
90636
72733
847051
317102
279505
480032
780203
516757
794286
917483
972815
900829
191429
341716
895110
376834
665438
721209
903308
850578
66797
787946
457683
188204
994294
647134
905457
705466
295267
858525
80274
972656
314873
520793
61927
957365
919608
866374
80400
803358
453572
248581
952500
987485
507042
458493
75606
459835
788851
810409
612416
798745
270665
831466
474595
373321
72107
671961
484477
263251
642721
652749
937033
824057
76951
623822
772541
752748
898093
320176
831495
245524
681070
477368
613500
225194
647841
156953
192279
167335
311843
77133
637534
555381
357946
251258
400361
139452
554553
172519
526489
8531
339141
40826
670137
223650
141064
200106
296816
915425
879884
772633
818575
35442
169761
994056
122347
973916
136128
474078
461270
592957
783110
34112
359773
694429
795175
655478
413165
744944
485589
748745
692539
156618
614069
462319
500752
371853
940009
717868
199687
277494
744555
531280
368040
970312
636430
739000
163256
20839
166079
703397
822703
527302
158042
797878
58255
526787
497920
689279
722599
495084
34568
74064
513227
166632
35787
280616
287012
124967
345060
308942
364282
9980
357623
439036
892967
985867
765226
538445
807830
150381
828777
832029
805863
347702
112567
726745
624769
605955
760551
201280
10230
224724
979468
264897
661568
46819
646826
465419
910997
62557
67759
601424
801127
52840
982272
710589
593805
293599
269115
16059
710559
844431
642731
627098
716577
252010
755583
106853
812325
187067
350280
817759
507758
850361
246169
918360
2068
353507
308377
773075
124371
156070
465938
684927
673775
818328
826476
327449
631422
141480
831494
527479
475978
924881
954137
384168
882000
861385
118882
286302
681026
94224
612263
7396
707362
948444
948481
367703
599195
124076
145983
635116
449006
32301
124835
678873
381102
344549
159576
857575
958842
181556
719544
430636
726997
139426
544713
729513
276621
525092
433237
474995
475799
43640
601877
833816
602565
433755
255118
89891
265569
395477
397212
35937
271863
58319
980413
930684
117784
854576
720020
624716
169382
823431
343396
697539
432250
621297
326778
636731
90382
838017
619866
187809
350661
716180
22829
117540
183006
129344
355421
579786
975386
623517
280355
556068
367886
600690
260110
251512
933063
410615
370247
736140
62173
956149
646693
856181
912044
909287
400159
456863
982323
641821
11936
547757
974466
503820
933016
484267
275906
494941
431620
950876
737137
372969
706928
591028
54176
290433
219971
269509
843063
197131
71582
156297
208602
109378
148221
370074
545320
304383
171834
347964
659440
205041
748652
150091
958603
62448
879748
731272
933969
882338
822596
69360
462556
61490
404796
596640
337945
502874
829782
459868
633037
635166
825068
407746
502811
858785
474197
353780
545089
897989
982900
384109
885966
347847
150486
149793
62808
394279
894573
904623
259778
239046
341051
33207
213771
645737
934699
636440
193112
893343
344386
578773
105665
494385
820079
280965
132212
367029
574625
471259
357267
467179
117671
372495
418257
419078
129290
6869
740322
962449
64973
384860
294200
500799
804343
81522
859276
926751
910188
320322
401022
513052
192429
138680
581556
613466
803467
741966
109722
470214
429295
408537
193389
100399
839945
528977
833769
53983
691768
649255
723626
612274
118024
473389
757729
571650
227179
609340
617089
297648
185265
738088
173141
747869
564217
848676
91223
122751
395425
291917
648384
161238
57754
27038
553066
87138
922694
297538
999020
92097
525119
493514
152466
700292
516864
67997
757304
51357
489175
208111
421582
533391
970130
644864
19920
188548
862821
389972
513976
960524
72825
70019
778792
140990
364849
95567
884352
450064
58392
849972
468736
968443
572455
939452
866831
794559
111162
796289
941177
438852
728044
812075
223674
743697
803547
242415
3035
600261
53677
791496
349488
522282
16508
506335
65476
234688
973942
861363
488285
985256
510920
694609
803638
483549
553756
281354
409777
997131
237715
222173
42873
520419
331004
749608
493256
367445
982674
496742
133357
477241
792609
525545
161732
846752
181734
561392
967072
354987
756349
174357
157757
105364
708411
620781
103874
217449
167064
947361
412250
238129
209840
269185
323792
310178
40528
941785
656863
474866
226889
614501
487385
102681
243933
685282
550633
35156
734286
651548
982347
131022
232786
591268
782509
138508
95128
322271
184233
309711
449810
4142
484683
386298
660777
404622
593353
390841
654930
965051
681629
621945
323594
584742
744562
928136
921683
110650
871572
780583
281244
517451
540817
995132
278092
803002
277155
614144
745756
255328
295695
630554
958152
499340
791183
582738
332707
993718
570584
162761
810761
918110
949321
870915
989827
529598
438183
401034
133584
169573
974307
12150
688405
154964
202802
219546
915147
476800
811449
249105
193093
182593
249918
463131
530622
210600
327906
889330
975272
120946
861266
31523
386851
678690
998117
628613
663209
680467
760084
776657
552003
566434
786901
390769
531705
648225
590848
424577
501147
588024
729393
301373
82860
355619
189812
238
846263
181080
594848
532155
539505
219985
694250
714864
167276
759354
29110
186830
32511
435593
285202
772613
498903
660795
706544
649814
526935
951294
744635
513019
88247
165733
5605
479827
698008
769856
771498
589260
67284
837940
948203
448173
75045
883842
626254
23731
204674
393915
325741
737943
259231
135192
737326
535490
591871
750483
229984
652108
395267
983946
670176
358458
803630
266287
654914
680515
386675
488136
762787
582449
83554
686478
940221
430307
478126
897673
516277
183428
167834
477575
249755
771360
665091
876875
775630
912231
965228
456335
822647
430771
841752
645949
301202
558092
170692
122910
152064
176290
730147
728878
817681
270669
463931
289070
297802
837207
998707
857550
766517
856788
993319
997620
309600
154932
758504
979156
679117
25669
107808
599128
75422
639278
692499
170183
316855
149373
800496
836296
868142
144915
330767
621948
157544
486075
655500
279999
974
754066
486307
629118
994226
809409
25262
403179
994054
234165
908506
595076
564178
366777
263049
857157
888367
972689
355511
530855
385617
805991
642366
437273
945358
443410
518813
508443
659260
189660
318505
899711
34636
256519
509289
896840
405909
400329
128128
630359
464066
279338
733366
462702
495981
897138
869475
61654
888772
313124
772037
285525
104930
49984
587424
219972
463112
694199
977540
874162
169915
168401
477353
512697
568736
636137
957699
924040
700292
923908
695182
402137
721799
984858
283838
749585
365820
576483
778914
330441
468827
263312
412931
883796
552233
141091
386629
592802
618632
325312
32446
311227
10738
407469
205979
123965
386175
355852
573639
831624
767786
116825
918141
335326
796135
66301
753226
91985
456075
924380
278274
482536
545736
566783
59198
429021
343582
782698
3150
530719
784495
511309
56267
527521
930954
648917
614562
92693
101008
368421
658955
622356
145387
769054
479772
524541
76976
746405
628967
576251
984125
377113
598357
956375
140026
401498
962968
52534
549979
594681
154838
107064
972653
786970
403483
644794
216139
373046
683104
297603
871189
251140
346064
810122
715882
390910
164202
352319
388330
944535
409216
755320
20322
611943
450259
682152
929613
137504
901729
695415
329027
174860
431575
331257
25051
865520
28167
988128
688715
382481
166606
984471
450206
933694
652120
918047
554704
107144
570988
125369
117712
23686
557697
605121
649956
840717
126306
580284
885383
658483
790158
9190
779599
875337
885093
240806
423044
297249
740449
424307
836900
38377
233158
54665
814829
224004
571540
373322
931962
138877
807546
498817
371093
546191
736131
137356
313737
553942
996906
558561
423157
893614
922321
384290
613704
533265
489789
247581
184463
1830
155220
259370
733118
675683
311183
352572
817284
639205
788537
238277
227809
415643
296289
170271
489682
229053
848516
9311
494019
11941
408779
164282
720167
512165
79405
606542
399098
441179
49365
395227
153945
870800
34477
908187
336261
186560
824043
982319
743896
364352
938341
292331
501189
204678
692567
349367
728250
593527
89372
489110
586600
456548
185461
335779
607836
158662
558029
790095
839309
763142
572616
845339
509932
763590
248802
704774
465342
111620
487025
359403
632764
621455
795374
444407
375813
782691
755820
617230
356933
685659
445717
229337
442469
911615
904770
755522
719354
587498
309051
229222
889900
522716
112368
70753
190061
605511
382209
73709
462463
500883
383410
677137
795766
591381
971688
365173
324381
209249
650170
869387
513705
933416
655051
701956
101095
377157
844382
961698
818428
383653
465887
73218
348955
98702
136707
487526
511000
848188
347732
800052
220492
296541
309674
820725
27464
124192
730812
21777
930629
750175
840331
82388
933950
209677
436695
91066
192678
223499
568642
209920
925127
322117
874859
912636
494360
777206
899443
977179
286206
629212
380765
375800
822258
408716
306560
568916
558598
362144
372002
198959
948672
526315
490724
160155
724889
555932
851971
691728
715055
72710
420316
868402
145288
382304
743837
622133
927924
51063
508996
247400
509073
630310
438819
153957
407775
766091
768474
822859
42155
282597
514163
119110
285750
193688
308269
950776
852687
343440
273531
175400
759607
562669
30383
506724
218224
300016
427248
666626
780721
31410
307028
793594
936386
579252
135846
413233
715185
533660
866300
481126
588030
7625
396357
499329
392892
49710
81973
240752
411093
395408
375518
854249
497173
120457
145630
250241
299962
787243
881414
261918
428567
9230
428406
704422
985797
559336
222679
936604
781419
618979
431283
633765
288683
373831
694362
333956
738836
892948
780426
345536
203100
332617
185831
886449
701369
152361
437145
309781
999290
40208
972395
829550
478524
478115
307320
2268
190193
785550
98792
742461
28085
695049
112420
765267
733674
912744
156896
127786
774503
322866
200627
779393
708254
950202
196969
521235
294596
57260
774261
934283
735664
32230
658359
652554
751269
685232
127427
981926
623071
781032
512732
285276
497655
477002
595560
467932
462226
574925
639006
840704
603498
153218
885624
813606
330529
361689
887060
66959
886007
77982
999984
912045
476321
427482
652098
449151
752764
443315
834698
933719
327581
739741
402571
215603
339422
603290
429735
278827
490543
658766
158405
29305
650969
607151
444170
543138
856703
191030
755595
264279
122273
969181
384657
60036
49574
417623
278094
167139
653247
363065
951239
772956
370858
883767
973993
341727
346154
505651
460764
787061
33331
149214
577825
254927
873079
53022
783430
672888
363086
270492
269923
866842
577151
290332
812376
172204
466468
571789
768759
766085
58165
232065
993072
306696
851039
278467
889246
279480
38332
655606
565172
760073
830839
71504
40365
265294
980210
534997
982667
450785
510986
785261
319364
190858
547891
329383
351006
691781
429488
787359
581823
154865
837386
870130
314932
814205
612648
815365
863952
942772
572004
365024
174182
633649
938394
39851
361661
102948
295669
27673
205573
200543
850028
175606
638624
724537
363240
70174
952867
556409
986891
458621
12994
588314
340155
455136
602725
413240
39212
784655
526143
160974
908531
571975
501784
20193
390833
604199
17559
643724
458002
274699
483622
129290
439100
793078
99441
455839
993074
970192
805349
277504
258354
372676
539912
670066
501590
665656
749353
276675
269253
170237
981601
703366
387231
639990
409600
404168
550325
401664
563664
658179
188482
328577
145732
103643
929964
824200
255823
645171
748873
476923
869733
881252
628269
933389
686560
74257
778184
662025
124001
745533
35011
144590
941622
406147
160222
478053
57406
17425
664099
509123
981173
357510
440002
699583
455416
58074
524009
119150
173912
822177
733965
664090
885655
522991
255621
648049
147907
281327
964316
262611
798452
732454
709594
300597
164607
927007
270707
426407
232907
705698
842479
341119
768867
543251
490996
730241
732056
932041
843352
858414
327269
220299
715246
973857
610345
314009
507019
33866
765535
540350
602051
668352
276443
774174
534280
644882
928134
433258
463182
730531
175622
585616
966933
187172
253906
407142
28373
11611
733321
30569
313707
23973
526021
30686
754201
298103
52787
399950
561156
904696
984077
298418
368114
973905
628190
992954
109420
259492
837769
569895
253637
205866
864388
945236
371237
62652
796529
81316
483732
559800
956874
796816
965549
39220
960624
794408
445928
327115
474904
638133
150860
512100
646349
919221
109033
416830
324858
145853
712341
150566
853758
424552
180425
803203
635884
666863
702953
148617
556371
789038
15800
756289
3433
600454
517545
96570
626792
646904
863721
789552
240706
916988
608139
161752
644414
94080
914153
686234
901745
593100
663137
455246
965491
896267
229243
178385
591001
48592
360105
551206
320042
665571
942074
452431
293271
362583
257583
14022
462257
480449
898965
842185
39026
157102
426581
145874
35273
951143
609540
101643
824803
277539
595681
242692
998225
206876
179546
666933
213352
549079
90556
379930
905023
465657
465315
293185
800028
553450
104679
82370
806411
721225
719885
337896
364265
558483
158636
789349
333952
707328
562035
576293
598433
590724
273534
786676
892040
740817
562730
231561
232812
692865
453575
336083
674923
415023
471301
404797
689352
600026
957230
90613
300748
775744
86786
81213
644505
213327
878330
820740
413298
723332
843986
849056
819139
810573
785715
165835
223649
768939
888969
46555
134274
321825
732484
799509
678486
442813
435534
920134
686941
881143
214818
974139
585734
711848
835848
638577
222718
256124
743724
794333
668633
109169
770906
761535
453741
251138
348392
202539
723098
585331
517619
363268
211710
455815
710010
604078
115713
560570
47228
495874
32093
251441
340616
644645
438504
266777
551525
375787
165379
118822
779933
931671
104092
600613
132321
179367
159803
857585
966289
401870
820980
738130
171624
583429
954378
428801
31857
884717
877430
384967
858458
13141
90358
64916
876924
427228
246381
214292
307095
787391
944346
503469
660194
855529
182856
860763
571163
420191
664900
858487
434084
937334
313224
424460
546484
361200
990788
434461
177726
323882
254087
855410
292019
401472
330424
687979
707994
314830
640326
521621
406860
629911
807008
157692
807609
433926
894573
84677
728648
315404
670503
300610
606534
286608
517954
844933
887695
995004
209023
475622
439162
25292
886049
763126
173388
691870
534107
951852
779547
52593
469005
435820
570010
336127
564420
126017
658118
909861
468967
381087
65409
895548
355055
56810
490034
842421
47369
531723
12906
756894
932482
437467
813898
613471
122627
969629
498865
377677
637382
233717
566010
683501
834649
58214
146850
676414
364177
791850
310787
856329
591681
874368
140098
254299
261299
914894
849619
178295
814592
147695
90196
930712
479265
268620
337352
479534
479774
640173
546330
197612
961072
898694
816773
18337
319808
649503
904156
468115
261164
347264
236840
311967
600224
697591
210975
389050
745992
814124
833469
286957
12657
167827
78375
278287
724639
116430
246486
260925
554136
232482
618328
439632
571207
54318
123058
987298
476238
224334
606470
486802
243535
205145
621121
840916
940423
450842
857953
372944
652546
568505
975474
823953
770755
141208
421772
178644
837062
658539
217443
978995
542388
382850
250686
700669
693703
318062
435036
905348
450868
385963
823481
846081
856369
328231
226238
155239
963226
378468
581967
340042
243622
600964
260860
381766
534668
556918
912321
583053
370713
199454
323976
762198
253278
601867
549565
18630
51076
1891
253118
496186
802323
612383
591704
600796
990080
598643
215839
26971
895500
272981
747390
223713
330883
799234
260017
416440
199869
366526
635416
479765
539197
423029
130252
154730
854855
368928
466867
45981
54927
405402
597188
227596
169996
610575
619265
291564
274777
637898
760695
378824
736122
588333
734650
459622
591441
629371
725400
552012
334533
918274
404794
285869
503182
394983
951184
273372
581092
316025
89629
754624
831483
172568
975846
205540
318483
217094
445479
756622
165737
422782
937593
35372
657338
688431
829139
702822
234888
970248
577536
574410
335404
464357
701447
290878
763590
910932
962498
186705
370499
149685
633731
58379
732652
962187
996905
174438
876702
437596
545500
199111
947595
204146
809291
583140
805295
572812
847957
462515
90331
936379
2625
653033
322616
182984
804185
392400
610895
352466
852474
966160
584686
907242
899950
195624
529196
721348
572442
830506
875456
276683
14796
372546
799561
80710
267067
759175
767055
137875
911401
418782
70914
320873
464287
375706
383339
462254
206019
120504
542195
753862
684412
454792
702706
252999
246779
593181
662952
183429
945900
781875
293908
500692
581635
22240
827245
682624
464782
221224
858304
443562
370718
54997
478827
627805
989949
848485
353685
249307
780992
421639
847898
57733
32783
767023
258566
721259
848322
399790
374983
236000
183917
731115
211108
599432
612245
997788
221030
216319
552570
14183
616715
186692
588885
270461
605224
430202
449554
879919
214133
271103
199081
320551
392003
765729
880971
788989
31861
307997
75613
854037
927449
739911
953493
655575
547073
312823
537250
828586
65907
947844
397929
174056
169570
500735
181158
917476
191677
807398
873775
683344
386325
727834
990073
176800
920291
337290
416868
669668
307927
870567
784553
554473
520395
774486
761929
910962
248870
855171
816184
149988
441404
569662
767858
527693
793549
926218
983139
808593
432543
806738
656561
611890
118285
12665
429113
749216
703113
113283
812988
126019
245145
910998
788260
98288
965144
508347
350747
236528
376968
136969
994378
427290
419519
873855
924857
835893
937035
463844
390086
967563
890739
900702
319816
760647
546414
996823
262881
257293
836086
857332
703032
824204
437460
27501
703123
188385
64787
222347
403320
364112
357615
965906
741842
603435
770467
951410
475673
396482
994802
527537
879103
887828
137774
624971
959758
662398
635465
264661
168596
918731
333094
258758
553955
22320
98203
831955
485625
354658
323607
670628
938408
523957
736252
448992
894817
809342
622213
782111
916294
917701
865812
675110
115872
964775
479630
359500
57019
655659
308874
560030
570734
15119
771282
939863
58693
97800
246556
605766
896410
908549
505521
614731
978001
121713
505537
984855
478368
906496
947409
547178
515382
327064
364850
271406
426038
607570
890355
372377
132244
45692
925584
978845
244118
393047
897513
993715
160002
31644
636807
121665
37597
333297
800120
630674
294716
251427
695136
452313
243365
133793
980535
198140
152632
130123
472322
41382
208103
857488
679892
385814
601714
506693
349904
225444
109099
746484
722760
93873
990847
258204
910133
485966
603754
420953
623652
958901
19288
487192
76200
430626
533084
435921
486713
389967
240055
292757
658265
341579
501942
700557
724822
387891
389626
982842
396762
517212
40622
678965
851383
224877
539576
807921
399578
128519
247979
216459
969380
180078
460903
756995
585611
100956
557240
20469
460233
572370
80122
166371
918119
205992
338662
642547
428985
871877
646407
511503
954096
909817
522553
276360
694654
268769
487107
653794
714363
95340
315154
33368
460000
64797
398333
808856
859730
118615
455293
731277
859259
238786
434040
190803
513025
298724
853663
972278
365360
207873
518292
528767
494713
652030
804027
431461
48430
912429
141869
748794
316664
708670
53323
46365
743049
650406
326235
561864
137024
228033
48310
863283
85291
240778
530566
559042
208424
328379
684352
115733
166244
400355
779613
105541
776264
865377
97660
452393
472278
791966
831630
207553
233233
250814
94333
27565
313129
947845
454518
566105
795053
288393
880105
149564
178851
169210
180126
511581
958996
537064
813743
874169
285693
22767
748435
354226
769707
964476
664233
813260
388921
817711
764179
355265
534306
963721
116681
862182
523702
708592
302582
937602
832113
533062
324261
557784
671684
534188
830451
352312
334575
731573
1704
635049
993208
467792
357953
588246
220901
649826
308891
372802
260425
179385
404518
944921
980771
768663
18629
366997
707826
152575
297978
654067
682919
646456
227264
360456
736198
400239
645087
596693
125790
624932
402404
181127
735711
510466
376666
304019
222758
116904
856433
992029
538800
740243
314595
744575
594169
572355
880733
154928
832195
402217
323056
823168
298319
274859
537760
627454
198767
804188
995431
870199
795781
688085
256972
926786
834090
978106
14344
507159
482584
782860
379713
753087
479329
968386
741616
719214
789887
48509
116856
829602
974918
150648
694388
62641
106017
149708
212732
981826
318402
844923
895983
455365
180785
565591
209273
142128
410899
830071
146374
27920
276011
263672
798020
515665
304297
929039
565622
987111
19787
798172
760284
376706
842405
42566
577078
874389
421537
254851
401816
869778
968096
514871
464311
121644
391190
551132
456591
273076
139930
356287
387459
917659
417780
298568
462048
564928
881553
338058
658645
114191
21823
629711
288429
881900
833727
625274
746427
249776
306213
343547
454520
107106
202525
734734
705728
76840
525458
721726
80290
745924
479733
964362
102973
446088
169113
839619
981690
792386
710898
53934
505643
396758
787904
87399
143188
166176
267253
834451
968956
694343
518669
180517
297688
951626
636911
591265
908579
63266
66300
317808
376904
704274
674533
102317
241250
419916
649228
743525
250876
783989
578262
614634
247786
445518
691119
420693
521315
481690
601890
818532
148279
946297
103539
356262
156269
547752
494556
230869
716740
917752
859116
903130
665257
515822
621608
175270
23828
127393
279935
975007
241887
423767
379120
2605
5376
123986
425044
288249
918564
757555
780627
22114
523786
327892
179758
51450
247816
894970
526563
708179
334186
555063
253046
469709
501293
692586
887307
712094
672448
341979
560786
191798
227198
516832
254528
582988
926906
657793
164775
268866
183836
768578
466916
124840
53154
753724
623157
326234
745070
252260
638622
939998
866105
259654
979745
989071
819445
502193
82839
937966
813910
777237
731688
852615
596059
342872
184643
977616
47168
400347
34790
298566
642098
853055
542505
172385
527059
150868
424101
130809
297702
931159
42690
420626
699725
751247
220909
395037
453060
483882
12866
115054
281758
441232
11150
6334
332756
43182
956585
11099
986824
976910
107328
571643
562367
663987
873496
429596
735625
999003
407513
605256
968370
982512
800990
289281
891229
572332
499390
656068
690114
295509
275777
35901
717432
920523
173912
776437
794507
484430
331595
635712
161167
200409
599378
845968
817381
358955
947182
65378
253008
769115
856621
857234
738328
755353
675977
254471
609550
677792
970614
523569
939022
372871
857704
363963
228334
71048
401097
794872
447862
138079
133046
666771
427885
834071
699601
980140
499382
869463
748040
843820
535303
813576
7116
340635
760403
866724
949795
542805
671547
783002
117895
100348
235483
522206
495038
390110
889304
706242
338692
170446
141968
302785
97673
874328
540676
558429
329985
877796
334922
546779
965113
391361
719832
682354
481519
981300
267295
964052
626684
192500
114111
693605
330308
538498
19407
195477
254204
43150
971235
347648
890038
630263
446116
884750
550316
178277
708482
965452
639626
568502
641652
739664
663804
60784
415035
730506
788117
489901
480889
600858
52237
700831
625855
149749
721833
829266
309413
282827
569388
959659
420565
166230
177694
40940
217430
516922
196880
48957
763604
456378
380794
540656
859591
176845
421026
109020
900998
571076
927058
989775
912912
667680
27838
366210
856313
827475
450657
80702
12060
70609
549390
141361
146702
666749
622595
882895
665549
772603
135270
627431
937715
688270
532420
719197
914490
885727
336686
715687
76000
575982
220266
650175
383824
394498
404722
147406
57625
330179
135457
292567
31919
656827
52435
463965
125058
901673
946430
993267
356638
774863
770153
480570
714533
751847
693877
958251
747888
800113
693313
340831
43913
667653
484553
737827
833095
688035
635752
744471
873621
367382
398817
94546
980917
915789
416396
958763
444381
758937
575745
774618
218364
906978
367070
428822
100494
721337
872705
250199
605667
653155
8890
563717
567425
538481
928679
496567
433207
398213
317630
949384
207268
194493
412717
151811
6107
234416
5806
518645
601326
476009
378993
823704
343943
488867
526642
190312
660840
593753
704185
348627
356100
233047
16603
456136
884450
745070
108549
238966
70398
665047
43065
962448
283937
236540
531207
769310
25537
881583
84655
379446
157126
817401
928875
84720
194334
136228
435167
717802
52601
549435
71373
176057
427355
294951
87950
986333
749571
880054
240864
944576
517816
819441
580284
262013
224724
954464
580910
858945
788342
442190
556076
134554
31881
495845
165434
192703
187482
794565
319312
940556
235314
256728
816664
763436
476675
147214
766061
901074
996180
182277
982128
65303
554425
611048
121857
62405
785974
114755
370797
240192
598666
230074
600127
590915
281068
412845
698180
85498
570399
78806
522349
687978
753236
485761
213001
545443
741424
657640
979156
822002
773923
68415
909929
671133
878942
102335
900435
57176
375616
77973
474329
102063
311825
809476
800652
847521
980593
255350
661879
866375
272636
555941
844392
676427
554
929699
405651
491735
839309
479024
124080
382037
922496
389552
250765
201721
814032
209904
723559
791614
247301
811867
550092
897855
523597
140227
881994
113888
619584
171813
789479
451230
524753
294567
922150
751840
107771
170456
474043
302112
11001
248401
832050
847942
178916
106005
54153
279678
127655
319882
590700
587841
578891
412050
328173
36246
766498
472415
668921
630672
233583
666149
783766
600285
366825
844290
183449
152606
20078
749845
410411
763913
9895
405197
678149
670024
607989
470278
564010
278575
426832
667786
797716
24004
792087
252441
239699
922267
958197
425538
187067
320871
595941
908639
770673
370334
198026
471640
414247
564854
880531
829367
568304
162508
460903
207578
575706
877945
614335
100235
659462
112764
885057
619133
404427
992039
170104
427588
721565
302085
468467
882493
464243
753559
38056
403546
871363
320147
206760
44834
692362
980361
125969
998705
475322
159079
599792
527642
684903
311823
769500
814186
85723
655633
759042
943400
106586
886820
640454
630057
168414
974909
768980
507027
370649
830297
469789
190702
731479
685746
210949
676628
452128
66282
148944
249555
533452
187111
261092
485078
312348
987981
308513
549254
959094
3178
381647
687563
516565
477905
120087
139024
215748
123651
293341
283306
427572
445551
126746
948048
289301
909773
785014
447608
47283
697560
908519
522841
860371
530040
389831
322137
652468
927649
981526
612773
190708
788968
219253
887153
508168
311865
739022
467815
625303
935137
110647
938062
602715
791069
181651
242917
643033
59879
175035
325368
434862
817877
422844
235017
962146
685762
398744
730420
367696
643246
704809
275205
793795
990070
432665
175209
5082
23836
597880
620959
318876
435301
336498
970505
960470
429984
582073
699532
343228
286168
708094
936112
316740
256587
190759
718674
538551
998240
270084
748512
519699
19398
834254
653581
809956
177172
604576
978718
851990
680846
394287
206892
765439
403863
217977
328632
226398
788409
771881
271593
157314
208503
375119
864648
994296
141655
820662
844819
575159
331399
819917
871429
940495
610036
468078
764258
256788
84089
584753
628061
940132
270692
438900
104506
226091
124465
197184
657577
736755
712150
88012
899005
265673
576379
581710
654642
702929
806348
977674
581224
436776
609031
281648
264791
12737
407605
353100
351310
720229
359663
736743
427115
560925
134037
560841
167789
637038
870083
890833
917289
706874
663521
829135
949559
480056
938561
620950
161189
422994
122833
505832
111362
211627
806411
649015
430112
336625
921804
812166
203713
80228
1680
792926
339294
567136
940389
262833
618879
483063
451094
174414
947930
866934
21524
417842
804679
149032
469867
710318
383940
910071
370250
918985
702288
684633
106834
193360
886378
944419
861534
769072
588954
637923
995542
248229
851077
668824
73366
84804
482235
407145
81531
827580
476174
157045
219449
486891
354461
748620
912430
147028
688209
291564
6246
498544
415649
529199
940519
609896
113947
346601
935234
972798
758091
89691
252358
879623
89954
521718
34290
954433
835269
484218
265740
883600
84966
395835
834833
334877
972958
863056
762612
184361
712255
625750
839796
451396
889276
765501
967062
733780
590547
143229
96149
576422
823005
960757
318590
837915
321243
109149
537571
120677
392494
276699
662600
48710
71609
31760
991492
349828
839249
986805
965651
520495
222645
62376
79995
429243
293378
899012
939296
753685
471955
405463
680780
21965
653760
675896
657638
292671
939468
985765
165689
673025
760631
882761
800801
430208
377022
507244
389612
302198
382749
873750
782754
825632
343064
703993
714335
788389
685159
376647
246626
88965
69638
449845
413664
140911
210578
633142
597537
358105
612903
778735
634118
639269
579306
831793
742019
643318
631511
842535
79303
679184
644938
665575
789747
656461
430657
843696
93317
709839
145429
354863
486267
11013
888441
996457
283567
293934
671312
282208
674595
783377
848035
833710
171799
487356
654989
48575
773912
767009
67203
414121
733583
86255
943068
698951
170796
148263
861256
951090
996852
481938
674815
667111
208032
548383
963385
416334
210867
413867
505554
296079
572487
611677
389906
26104
54843
81109
208525
230055
750558
462977
913347
862702
190963
359035
34075
821967
326507
399086
396971
620282
434859
532569
161152
458119
55869
376530
387378
852035
805498
985809
687321
726104
56443
159536
91574
98921
907226
805469
590001
588633
27468
387737
225197
834717
160940
60468
106700
447012
813967
790359
857945
347174
380816
712355
493005
636642
923739
649196
603024
450150
49083
527121
24461
925158
804583
288195
944499
219199
982235
693165
98160
897738
583703
892797
122842
866904
685600
327757
611932
93483
716747
139346
347463
873965
688939
472892
455744
882626
98651
287453
42884
2173
321466
426761
377319
743011
823442
61764
129006
606175
437209
390025
391456
819783
99080
57833
487976
732157
382566
792095
460466
6872
194159
170483
733352
790419
601743
189518
523588
481672
528401
728531
357762
939337
225185
888813
559117
767868
920357
962873
95407
798613
453211
773407
472255
88669
113866
688715
608077
269037
285471
224164
320148
967244
14505
282984
325074
452169
813405
943842
561418
23278
246455
668892
153413
664414
769602
505708
922107
849789
922353
408289
580107
851749
680232
510435
801894
425344
233628
491575
263093
325049
478350
878886
324421
869304
651891
220414
578081
236665
829417
342532
420778
416575
162180
165844
974974
204344
496064
139350
693008
941559
71721
323384
200888
147412
482018
896277
964468
506377
499423
6876
722352
115587
825302
916962
977154
133641
753654
723847
390685
813254
380829
574164
466119
598160
341900
644757
660190
897287
916488
812448
149167
780097
570496
748601
63255
389779
697199
696244
70995
609516
721164
409235
463928
868365
697090
826036
304874
536406
593428
706590
61999
674086
788669
683112
474422
890780
767945
965175
203622
806415
172852
582066
240186
702403
163203
852887
92759
905779
984803
887626
901368
564073
209107
504362
474020
318747
920888
626565
274181
661374
923347
626088
581065
61999
638303
178162
622844
931369
494318
41449
792884
890852
831202
730567
426480
718902
875484
138247
180600
726040
962308
292746
324981
159907
697698
652891
10621
767979
46555
334363
287725
833214
654559
757403
441614
467177
955994
17987
918191
231106
668630
268978
921182
433846
20266
799449
506743
151663
53923
179653
574449
280048
993030
567995
360923
255892
650418
131836
713659
576775
296844
82829
98669
146727
837147
459364
739902
502281
575198
625629
614077
92540
477743
580700
186538
85689
301512
218625
855664
872579
537492
427147
419940
93790
192867
602294
368767
872677
495278
43632
875775
552628
376479
205416
800109
163019
757261
904657
199817
798612
252650
352023
898805
341597
30790
626815
132255
46822
953286
504077
183567
783655
814318
484240
603716
657152
261164
510279
834185
905399
647672
715867
301189
35982
183672
433383
448135
203015
252725
918367
731178
960929
794500
253035
459875
863492
702693
587119
160156
301667
337552
556524
376117
185672
370277
54675
864111
622602
140157
855606
884895
911239
272846
535459
316641
894999
686758
552489
496234
741128
778838
461356
305979
530434
412201
58690
983255
166120
433744
535522
84143
623478
310824
833771
805992
922166
923841
209741
635740
422802
736669
934222
323898
466109
184215
520950
60759
379643
606789
556535
165328
162611
622211
361260
941462
557679
202565
92916
142969
675266
26592
598753
899599
705263
668234
375317
714956
853093
371216
407077
575536
296870
841163
488208
215881
128750
454760
722348
427982
227309
680739
910645
605372
363683
174343
341160
147000
177621
648383
693012
642902
497522
924068
924529
666447
761503
357110
476860
912988
351151
851505
540419
334790
93237
166494
633601
503603
103257
345657
902654
90269
722007
707784
317320
524629
306132
283469
906152
638092
357345
852922
857826
221015
601442
940665
51
911566
639854
80912
665014
822349
874763
979500
89721
132256
744710
291816
267223
852465
733884
714368
445581
494805
907740
443419
841791
395673
791653
793035
213765
984012
998159
931825
934160
910939
757766
477318
458719
772841
586886
219305
248633
154988
252734
475839
881544
521428
518666
692071
473182
96794
795397
467213
988552
617886
840723
994953
668123
625390
991641
994230
420404
431067
516035
955678
166520
932267
247990
733730
236210
611107
701997
67764
24782
541184
594770
924761
469211
823187
995456
703094
261472
286762
504130
763997
594790
243891
485566
235446
265480
550120
817153
280208
595086
731650
855942
160736
540748
158954
803035
421582
510866
123941
993926
519975
224016
110129
491553
959950
24182
522493
509254
142457
962209
878853
351290
136164
822316
837745
806395
6340
65205
325599
647443
509528
54538
336597
712825
589450
304453
597551
696063
998282
701097
718271
782847
282198
157454
286788
602884
382740
747533
486067
429005
674616
845345
525075
238299
194402
129541
827199
957471
323843
973033
125711
244457
964256
39229
643030
146047
6022
90195
200632
383595
568759
771312
926391
330992
795419
268811
868828
281436
979860
731583
635992
232367
763631
673774
875120
2512
893143
659756
238942
762956
104734
981706
958880
314086
151835
881199
20449
663393
461649
639943
606713
170535
340562
544736
746064
121645
14738
926063
588646
626156
539903
859945
371731
9680
113617
999470
866032
695669
844757
322400
189453
391274
163915
408992
959921
659854
844553
765723
401985
224042
105024
198841
539285
777882
6468
905243
174123
918477
216989
223263
277411
883
803379
584306
366453
767375
925899
804869
426014
174742
200087
440292
808894
124109
139505
891375
700897
163431
810615
723096
326358
792745
465942
745592
71624
111130
694232
941230
768746
860977
293510
935680
836454
280950
514631
93604
398327
826272
261297
172823
220704
592383
383698
39588
689031
234625
383566
610953
545127
749167
288434
375573
730594
444176
571464
521904
208245
128144
108282
31851
541005
38591
75920
876764
652676
821686
511700
390205
76664
290412
360745
928604
935608
780178
501599
358255
248799
18709
526013
553350
137362
949948
607954
66283
755684
73809
31857
248635
662164
737433
591374
669500
349399
965508
2992
377886
71058
768345
179751
488470
30008
634103
17246
637686
928430
748703
150185
637751
915567
680711
764241
714934
467961
989192
727252
20227
955056
997050
461547
329769
226332
987995
355996
894516
248654
73677
954494
637095
198404
644737
323375
396708
972690
364268
981237
538426
875244
333508
741138
794228
139036
699420
85294
568522
978834
709684
258287
187641
786308
686837
176358
574751
642472
464693
688963
792721
464993
62042
537512
534550
277805
998818
339438
256874
727720
558357
208766
851240
320350
593977
404660
504721
611622
363734
627663
163617
706423
307706
957270
119399
443588
33689
688180
988979
335664
194099
952238
606133
775680
195296
682607
133441
29180
229147
192566
978152
331227
392558
609716
412832
524715
172266
453283
782634
95471
957833
128521
798125
539139
86272
788756
704693
262907
524049
496100
42719
355509
150336
987158
825560
798959
603030
852334
950898
908263
709894
928886
177959
39806
721415
909329
200202
519890
124208
605955
754333
205924
262357
727121
739782
270736
611796
861637
769197
604223
836299
617580
75334
801914
772281
527018
286412
571766
511217
251624
660654
359787
767156
852042
134604
783364
210610
763125
694915
296044
865861
159643
25630
299868
496327
493028
20374
654551
806604
40144
341842
555577
665289
858536
936352
38538
166175
24990
566723
845076
372874
2706
793384
647797
268469
13158
141111
880727
537928
720699
673250
452670
907352
887488
176630
246088
767980
232461
558398
752541
959444
368893
528280
995518
594903
80475
51389
160578
874911
237412
957249
66121
980669
305575
616220
645832
40281
482281
668726
520314
56378
661877
213115
141287
837365
745545
732149
353246
152420
157790
244609
468651
20825
87768
777434
182375
564637
342221
933353
743097
966221
778318
734300
190260
483246
471645
508510
623942
541452
869152
754851
299653
816911
549193
462394
743520
381531
889602
937298
383117
109049
647824
390451
889597
198732
757346
37334
16513
846980
411732
293896
615150
201267
971274
500449
325299
347334
994317
465464
414356
462007
610691
730027
559271
479173
303036
374620
671325
589853
172422
29400
669480
408254
689101
344818
264576
936550
385654
331734
429716
788984
180949
781629
971458
296270
620259
852882
9066
498289
599860
962768
500047
83678
337624
619056
992329
641684
885440
156383
284638
844484
948725
655432
289418
413322
329734
385496
14520
3102
821814
137321
701297
271173
590968
872345
920389
570089
865851
904022
902690
216275
276236
306306
747943
197241
33661
293073
970853
662841
767046
477961
76378
453712
883508
278904
875090
180672
475181
263880
844331
37942
429288
378144
863627
925058
731941
721024
561124
134954
858854
511726
895735
456608
982430
98980
319652
270405
128320
110730
97645
70402
692943
953114
913405
938090
720406
569021
33852
780227
17069
388381
596488
416606
106479
982201
927477
270902
531497
350701
248588
141574
902426
752436
214699
663286
932501
94451
707610
404029
585987
36261
521395
48640
458722
847009
123112
670723
628792
563174
546457
401755
297381
635615
569700
884143
769541
359937
601144
221747
132813
216928
948083
239076
644237
838887
265035
457313
176645
728489
582708
786837
